0.08116038936303933
0
0.9999999999999956
0
0
0
1
1
1
0
1
0
0
0
0
0
0
0.48487785272605777
1
0
0.9999999999999667
1
1
0
0
0
0
0
0
0.9937703358060662
1
0
0
0
0
0
0
0
1
0.999999999999954
1
0
1
0
0
0
1
0
0.000000000000000199
0
0
1
1
0
1
0
0.0012906488981645513
0
0
0
0
0
0
0
1
0
0
0
0
0
0
0
0
0
0
1
1
0
0
1
0
0
0
0.9999999924694215
0
0
1
0
1
1
0.000019838684240132566
0
0
0
0
0
1
1
1
0
0.9999999991826802
0
0
1
1
0
0
0
0
1
0
1
1
1
0
1
1
1
0
1
0
1
1
0
0
0
0
0
0
0
0
0
0
0
0
0
0
1
0
0
1
0
0
0
0
0
1
0
0
0
0
0
0
0
1
0
0
0
0
0
0
0
0.0012512052501074662
0
0
0
0
0
0
0.000000000000000001
0
0
0.00003445043600541613
0
0
1
0
1
0
0
0
0
0
0
0
0
0
0
0
0
0
0
0
0
1
0
0
0
0
0
