1
0
1
1
0
0
0
0
0
0
0
1
1
1
0.05637081764687232
1
1
0.9999999999999984
1
0.000000000240623996
0
0
1
1
1
1
0.000000000000128191
0.000000000545634639
1
1
1
1
1
0
1
1
1
0.9999999994884001
0.999999999999996
1
0
1
1
1
1
1
0.000000000000000063
0
0
1
0.000000000010923772
0
0
1
0
1
0
0
0
1
1
0
0
1
0
0
1
1
0.9999999999120299
1
0
0
0
1
1
1
0
0.000011446328242347394
0
1
1
1
1
1
0
0
0
0
1
0
1
1
1
0.9999994365330358
0
0
0
1
1
0
0
0
0
0.9997253705751582
0.000003530531697598719
0
1
1
1
1
0
1
1
0
1
1
1
1
1
1
1
1
0.9999999930596974
0.5579458354670968
1
1
1
1
0.026503393058732127
1
1
1
1
0
0
1
1
0
1
0.9999999999845952
1
1
0
1
0
0.9999999999994946
0
1
0
1
1
1
0
1
0.9999999967667497
0
0
0.9999997394367752
0
0.9998580779590672
1
1
0
1
0
1
0
1
1
0.13613147066540365
1
0
1
0.9999999999999818
1
1
1
0
1
1
1
0
0.9960812660811607
1
0
0
1
0
0
1
1
0
0.9999999999989508
1
0
0
0
1
1
0
