07 0A 1A 63 01 0C 20 4D 21 15 9A 8D 81 1A 0D CC 21 40 86 8E C1 11 09 E2 02 24 12 CE 82 00 00 00 00 00 00 00 00 00 00 00 00 00 00 00 00 00 00 00 00 00 00 00 00 2E D8 04 00 DF 60 20 00 00 00 00 00 8F 2B 08 01 00 13 00 00 00 01 00 01 00 00 00 00 00 00 00 00 00 00 00 0B 00 00 00 00 F3 DC 08 01 80 CD 08 01 00 00 00 00 00 FE FF FE 00 00 00 00 00 00 00 00 00 00 00 50 00 50 00 02 00 32 00 00 00 05 00 00 00 00 00 00 00 01 00 00 00 00 00 00 00 00 00 00 00 00 00 40 00 00 00 00 00 00 B2 00 00 00 00 00 00 00 00 00 00 00 00 00 00 00 00 00 00 00 00 00 00 00 00 00 00 00 00 00 00 00 00 00
07 1A 9D 4D 81 1C 17 63 01 26 97 8D 21 2B 0B 0C 21 2F A2 8E 81 23 86 E2 82 34 90 4E 22 00 00 00 00 00 00 00 00 00 00 00 00 00 00 00 00 00 00 00 00 00 00 00 00 2E D8 04 00 DF 60 20 00 00 00 00 00 8F 2B 08 01 00 13 00 00 00 01 00 01 00 00 00 00 00 00 00 00 00 00 00 0B 00 00 00 00 F3 DC 08 01 80 CD 08 01 00 00 00 00 00 FE FF FE 00 00 00 00 00 00 00 00 00 00 00 50 00 50 00 02 00 32 00 00 00 05 00 00 00 00 00 00 00 01 00 00 00 00 00 00 00 00 00 00 00 00 00 40 00 00 00 00 00 00 B2 00 00 00 00 00 00 00 00 00 00 00 00 00 00 00 00 00 00 00 00 00 00 00 00 00 00 00 00 00 00 00 00 00
0C 0D 17 0C A1 14 0A 8B 41 16 22 0E 41 3B 05 4E 41 3E 1E CD 41 41 8A 25 01 0A 1C A5 42 0D 05 E0 82 0D 9E E4 62 13 9A 4D C2 1D 10 0E 02 36 9F 64 82 00 00 00 00 2E D8 04 00 DF 60 20 00 00 00 00 00 8F 2B 08 01 00 13 00 00 00 01 00 01 00 00 00 00 00 00 00 00 00 00 00 0B 00 00 00 00 F3 DC 08 01 80 CD 08 01 00 00 00 00 00 FE FF FE 00 00 00 00 00 00 00 00 00 00 00 50 00 50 00 02 00 32 00 00 00 05 00 00 00 00 00 00 00 01 00 00 00 00 00 00 00 00 00 00 00 00 00 40 00 00 00 00 00 00 B2 00 00 00 00 00 00 00 00 00 00 00 00 00 00 00 00 00 00 00 00 00 00 00 00 00 00 00 00 00 00 00 00 00
07 08 1B CD 81 0A 8E CC E1 2E 86 8F 61 36 8A E5 E1 3E 99 4F 21 13 A1 0F 02 15 13 CE 82 00 00 00 00 00 00 00 00 00 00 00 00 00 00 00 00 00 00 00 00 00 00 00 00 2E D8 04 00 DF 60 20 00 00 00 00 00 8F 2B 08 01 00 13 00 00 00 01 00 01 00 00 00 00 00 00 00 00 00 00 00 0B 00 00 00 00 F3 DC 08 01 80 CD 08 01 00 00 00 00 00 FE FF FE 00 00 00 00 00 00 00 00 00 00 00 50 00 50 00 02 00 32 00 00 00 05 00 00 00 00 00 00 00 01 00 00 00 00 00 00 00 00 00 00 00 00 00 40 00 00 00 00 00 00 B2 00 00 00 00 00 00 00 00 00 00 00 00 00 00 00 00 00 00 00 00 00 00 00 00 00 00 00 00 00 00 00 00 00
06 12 20 8D E1 13 1A 63 81 1A 8A A3 21 1D 1A 8D 81 20 0D CC 21 2A 12 8E A2 00 00 00 00 00 00 00 00 00 00 00 00 00 00 00 00 00 00 00 00 00 00 00 00 00 00 00 00 2E D8 04 00 DF 60 20 00 00 00 00 00 8F 2B 08 01 00 13 00 00 00 01 00 01 00 00 00 00 00 00 00 00 00 00 00 0B 00 00 00 00 F3 DC 08 01 80 CD 08 01 00 00 00 00 00 FE FF FE 00 00 00 00 00 00 00 00 00 00 00 50 00 50 00 02 00 32 00 00 00 05 00 00 00 00 00 00 00 01 00 00 00 00 00 00 00 00 00 00 00 00 00 40 00 00 00 00 00 00 B2 00 00 00 00 00 00 00 00 00 00 00 00 00 00 00 00 00 00 00 00 00 00 00 00 00 00 00 00 00 00 00 00 00
0A 06 93 E2 41 10 14 8C E1 16 88 4B 81 18 9F CE 21 3D 83 0E 21 42 1B 4D C1 43 87 A4 41 0E 83 E1 C2 1F 8D 8D E2 39 9C 24 02 00 00 00 00 00 00 00 00 00 00 00 00 2E D8 04 00 DF 60 20 00 00 00 00 00 8F 2B 08 01 00 13 00 00 00 01 00 01 00 00 00 00 00 00 00 00 00 00 00 0B 00 00 00 00 F3 DC 08 01 80 CD 08 01 00 00 00 00 00 FE FF FE 00 00 00 00 00 00 00 00 00 00 00 50 00 50 00 02 00 32 00 00 00 05 00 00 00 00 00 00 00 01 00 00 00 00 00 00 00 00 00 00 00 00 00 40 00 00 00 00 00 00 B2 00 00 00 00 00 00 00 00 00 00 00 00 00 00 00 00 00 00 00 00 00 00 00 00 00 00 00 00 00 00 00 00 00
06 15 1D 22 A1 1F 21 62 E1 1F 8D E2 A1 20 9D CC E1 25 11 0B E1 2E 96 8E 62 00 00 00 00 00 00 00 00 00 00 00 00 00 00 00 00 00 00 00 00 00 00 00 00 00 00 00 00 2E D8 04 00 DF 60 20 00 00 00 00 00 8F 2B 08 01 00 13 00 00 00 01 00 01 00 00 00 00 00 00 00 00 00 00 00 0B 00 00 00 00 F3 DC 08 01 80 CD 08 01 00 00 00 00 00 FE FF FE 00 00 00 00 00 00 00 00 00 00 00 50 00 50 00 02 00 32 00 00 00 05 00 00 00 00 00 00 00 01 00 00 00 00 00 00 00 00 00 00 00 00 00 40 00 00 00 00 00 00 B2 00 00 00 00 00 00 00 00 00 00 00 00 00 00 00 00 00 00 00 00 00 00 00 00 00 00 00 00 00 00 00 00 00
07 08 0B A3 21 0D 1B 0D 61 0E 0E 8C 81 33 86 CF 01 3C 8A A5 C1 41 19 8E C1 19 13 8E 82 00 00 00 00 00 00 00 00 00 00 00 00 00 00 00 00 00 00 00 00 00 00 00 00 2E D8 04 00 DF 60 20 00 00 00 00 00 8F 2B 08 01 00 13 00 00 00 01 00 01 00 00 00 00 00 00 00 00 00 00 00 0B 00 00 00 00 F3 DC 08 01 80 CD 08 01 00 00 00 00 00 FE FF FE 00 00 00 00 00 00 00 00 00 00 00 50 00 50 00 02 00 32 00 00 00 05 00 00 00 00 00 00 00 01 00 00 00 00 00 00 00 00 00 00 00 00 00 40 00 00 00 00 00 00 B2 00 00 00 00 00 00 00 00 00 00 00 00 00 00 00 00 00 00 00 00 00 00 00 00 00 00 00 00 00 00 00 00 00
07 16 9B 4D 81 18 14 63 21 1B 04 E3 21 21 07 CD 61 21 14 CD 81 2D 1F 0F A1 2D 0C 8F 02 00 00 00 00 00 00 00 00 00 00 00 00 00 00 00 00 00 00 00 00 00 00 00 00 2E D8 04 00 DF 60 20 00 00 00 00 00 8F 2B 08 01 00 13 00 00 00 01 00 01 00 00 00 00 00 00 00 00 00 00 00 0B 00 00 00 00 F3 DC 08 01 80 CD 08 01 00 00 00 00 00 FE FF FE 00 00 00 00 00 00 00 00 00 00 00 50 00 50 00 02 00 32 00 00 00 05 00 00 00 00 00 00 00 01 00 00 00 00 00 00 00 00 00 00 00 00 00 40 00 00 00 00 00 00 B2 00 00 00 00 00 00 00 00 00 00 00 00 00 00 00 00 00 00 00 00 00 00 00 00 00 00 00 00 00 00 00 00 00
09 1D 19 8C 61 29 94 0C 61 2A 83 E2 01 30 07 4C 21 32 9F 0E 41 1E 91 E1 22 27 99 64 C2 30 17 4D E2 39 8D 4D 42 00 00 00 00 00 00 00 00 00 00 00 00 00 00 00 00 2E D8 04 00 DF 60 20 00 00 00 00 00 8F 2B 08 01 00 13 00 00 00 01 00 01 00 00 00 00 00 00 00 00 00 00 00 0B 00 00 00 00 F3 DC 08 01 80 CD 08 01 00 00 00 00 00 FE FF FE 00 00 00 00 00 00 00 00 00 00 00 50 00 50 00 02 00 32 00 00 00 05 00 00 00 00 00 00 00 01 00 00 00 00 00 00 00 00 00 00 00 00 00 40 00 00 00 00 00 00 B2 00 00 00 00 00 00 00 00 00 00 00 00 00 00 00 00 00 00 00 00 00 00 00 00 00 00 00 00 00 00 00 00 00
07 0D 10 E3 C1 10 A0 CD 61 12 93 CD 41 38 0B 8F 01 3F 90 25 A1 1D 98 4E E2 23 02 0E 62 00 00 00 00 00 00 00 00 00 00 00 00 00 00 00 00 00 00 00 00 00 00 00 00 2E D8 04 00 DF 60 20 00 00 00 00 00 8F 2B 08 01 00 13 00 00 00 01 00 01 00 00 00 00 00 00 00 00 00 00 00 0B 00 00 00 00 F3 DC 08 01 80 CD 08 01 00 00 00 00 00 FE FF FE 00 00 00 00 00 00 00 00 00 00 00 50 00 50 00 02 00 32 00 00 00 05 00 00 00 00 00 00 00 01 00 00 00 00 00 00 00 00 00 00 00 00 00 40 00 00 00 00 00 00 B2 00 00 00 00 00 00 00 00 00 00 00 00 00 00 00 00 00 00 00 00 00 00 00 00 00 00 00 00 00 00 00 00 00
06 08 16 4A A1 19 9D E2 E1 21 8E 63 A1 22 1E 0D A1 27 11 0D 21 31 96 8E 22 00 00 00 00 00 00 00 00 00 00 00 00 00 00 00 00 00 00 00 00 00 00 00 00 00 00 00 00 2E D8 04 00 DF 60 20 00 00 00 00 00 8F 2B 08 01 00 13 00 00 00 01 00 01 00 00 00 00 00 00 00 00 00 00 00 0B 00 00 00 00 F3 DC 08 01 80 CD 08 01 00 00 00 00 00 FE FF FE 00 00 00 00 00 00 00 00 00 00 00 50 00 50 00 02 00 32 00 00 00 05 00 00 00 00 00 00 00 01 00 00 00 00 00 00 00 00 00 00 00 00 00 40 00 00 00 00 00 00 B2 00 00 00 00 00 00 00 00 00 00 00 00 00 00 00 00 00 00 00 00 00 00 00 00 00 00 00 00 00 00 00 00 00
09 0C 9B 4E 81 0D 15 23 C1 11 85 A3 21 16 15 4D 81 18 88 4D 41 22 9F 4F A1 16 1A A6 22 1D 97 CF 62 22 8D 4E E2 00 00 00 00 00 00 00 00 00 00 00 00 00 00 00 00 2E D8 04 00 DF 60 20 00 00 00 00 00 8F 2B 08 01 00 13 00 00 00 01 00 01 00 00 00 00 00 00 00 00 00 00 00 0B 00 00 00 00 F3 DC 08 01 80 CD 08 01 00 00 00 00 00 FE FF FE 00 00 00 00 00 00 00 00 00 00 00 50 00 50 00 02 00 32 00 00 00 05 00 00 00 00 00 00 00 01 00 00 00 00 00 00 00 00 00 00 00 00 00 40 00 00 00 00 00 00 B2 00 00 00 00 00 00 00 00 00 00 00 00 00 00 00 00 00 00 00 00 00 00 00 00 00 00 00 00 00 00 00 00 00
0B 0D 9A 8D 21 10 93 E2 E1 19 18 64 01 1A 94 4D 81 1D 87 CC A1 24 1F 8E 41 16 83 A2 02 1C 1C 65 02 21 17 4E 82 24 9A 4E 62 28 0D 4E 22 00 00 00 00 00 00 00 00 2E D8 04 00 DF 60 20 00 00 00 00 00 8F 2B 08 01 00 13 00 00 00 01 00 01 00 00 00 00 00 00 00 00 00 00 00 0B 00 00 00 00 F3 DC 08 01 80 CD 08 01 00 00 00 00 00 FE FF FE 00 00 00 00 00 00 00 00 00 00 00 50 00 50 00 02 00 32 00 00 00 05 00 00 00 00 00 00 00 01 00 00 00 00 00 00 00 00 00 00 00 00 00 40 00 00 00 00 00 00 B2 00 00 00 00 00 00 00 00 00 00 00 00 00 00 00 00 00 00 00 00 00 00 00 00 00 00 00 00 00 00 00 00 00
0A 09 07 CA A1 15 96 0D 41 16 0F E2 E1 20 90 4D 61 20 A2 8E 41 26 03 8C 21 2A 9B 0E C1 23 18 24 E2 2A 96 0E 82 30 08 CE 02 00 00 00 00 00 00 00 00 00 00 00 00 2E D8 04 00 DF 60 20 00 00 00 00 00 8F 2B 08 01 00 13 00 00 00 01 00 01 00 00 00 00 00 00 00 00 00 00 00 0B 00 00 00 00 F3 DC 08 01 80 CD 08 01 00 00 00 00 00 FE FF FE 00 00 00 00 00 00 00 00 00 00 00 50 00 50 00 02 00 32 00 00 00 05 00 00 00 00 00 00 00 01 00 00 00 00 00 00 00 00 00 00 00 00 00 40 00 00 00 00 00 00 B2 00 00 00 00 00 00 00 00 00 00 00 00 00 00 00 00 00 00 00 00 00 00 00 00 00 00 00 00 00 00 00 00 00
08 0C 06 8A A1 14 19 4C 21 3A 93 8E 61 42 17 E4 C1 0D 15 22 42 1E 1E 8D E2 27 88 CD 42 39 84 A5 22 00 00 00 00 00 00 00 00 00 00 00 00 00 00 00 00 00 00 00 00 2E D8 04 00 DF 60 20 00 00 00 00 00 8F 2B 08 01 00 13 00 00 00 01 00 01 00 00 00 00 00 00 00 00 00 00 00 0B 00 00 00 00 F3 DC 08 01 80 CD 08 01 00 00 00 00 00 FE FF FE 00 00 00 00 00 00 00 00 00 00 00 50 00 50 00 02 00 32 00 00 00 05 00 00 00 00 00 00 00 01 00 00 00 00 00 00 00 00 00 00 00 00 00 40 00 00 00 00 00 00 B2 00 00 00 00 00 00 00 00 00 00 00 00 00 00 00 00 00 00 00 00 00 00 00 00 00 00 00 00 00 00 00 00 00
0C 0B 86 CB 41 19 8E 62 E1 19 94 CD 41 22 92 E4 01 23 A1 4F 01 24 0E CD 41 25 82 0C 41 2E 99 CE C1 27 96 E5 82 2A 91 CE 22 2E 94 8E 82 31 86 CE 22 00 00 00 00 2E D8 04 00 DF 60 20 00 00 00 00 00 8F 2B 08 01 00 13 00 00 00 01 00 01 00 00 00 00 00 00 00 00 00 00 00 0B 00 00 00 00 F3 DC 08 01 80 CD 08 01 00 00 00 00 00 FE FF FE 00 00 00 00 00 00 00 00 00 00 00 50 00 50 00 02 00 32 00 00 00 05 00 00 00 00 00 00 00 01 00 00 00 00 00 00 00 00 00 00 00 00 00 40 00 00 00 00 00 00 B2 00 00 00 00 00 00 00 00 00 00 00 00 00 00 00 00 00 00 00 00 00 00 00 00 00 00 00 00 00 00 00 00 00
0B 13 1A E3 C1 13 A1 4E 61 1C 9A CE 21 1D 8D CD 01 40 84 8F E1 15 0A 22 E2 1D A0 27 02 22 22 66 22 24 9D 8F 02 28 92 4F 42 29 1F 8F E2 00 00 00 00 00 00 00 00 2E D8 04 00 DF 60 20 00 00 00 00 00 8F 2B 08 01 00 13 00 00 00 01 00 01 00 00 00 00 00 00 00 00 00 00 00 0B 00 00 00 00 F3 DC 08 01 80 CD 08 01 00 00 00 00 00 FE FF FE 00 00 00 00 00 00 00 00 00 00 00 50 00 50 00 02 00 32 00 00 00 05 00 00 00 00 00 00 00 01 00 00 00 00 00 00 00 00 00 00 00 00 00 40 00 00 00 00 00 00 B2 00 00 00 00 00 00 00 00 00 00 00 00 00 00 00 00 00 00 00 00 00 00 00 00 00 00 00 00 00 00 00 00 00
09 11 9E 8D 41 13 98 62 E1 1C 1C E3 E1 1E 18 CD 41 22 8C 8B E1 06 8F 0C 42 1C 08 21 C2 23 9C 0E 42 2D 11 CD 82 00 00 00 00 00 00 00 00 00 00 00 00 00 00 00 00 2E D8 04 00 DF 60 20 00 00 00 00 00 8F 2B 08 01 00 13 00 00 00 01 00 01 00 00 00 00 00 00 00 00 00 00 00 0B 00 00 00 00 F3 DC 08 01 80 CD 08 01 00 00 00 00 00 FE FF FE 00 00 00 00 00 00 00 00 00 00 00 50 00 50 00 02 00 32 00 00 00 05 00 00 00 00 00 00 00 01 00 00 00 00 00 00 00 00 00 00 00 00 00 40 00 00 00 00 00 00 B2 00 00 00 00 00 00 00 00 00 00 00 00 00 00 00 00 00 00 00 00 00 00 00 00 00 00 00 00 00 00 00 00 00
0B 0E 1D E3 C1 0E 9A 4D 41 11 8D 8C 61 38 86 4E C1 3F 8A A5 41 44 18 CE 81 0B 09 A2 02 11 A1 A5 82 15 9C CE A2 19 9F 4E 82 1D 12 4E 62 00 00 00 00 00 00 00 00 2E D8 04 00 DF 60 20 00 00 00 00 00 8F 2B 08 01 00 13 00 00 00 01 00 01 00 00 00 00 00 00 00 00 00 00 00 0B 00 00 00 00 F3 DC 08 01 80 CD 08 01 00 00 00 00 00 FE FF FE 00 00 00 00 00 00 00 00 00 00 00 50 00 50 00 02 00 32 00 00 00 05 00 00 00 00 00 00 00 01 00 00 00 00 00 00 00 00 00 00 00 00 00 40 00 00 00 00 00 00 B2 00 00 00 00 00 00 00 00 00 00 00 00 00 00 00 00 00 00 00 00 00 00 00 00 00 00 00 00 00 00 00 00 00
08 10 A0 8C 61 12 9A 22 E1 1B 9E 64 61 1D 1A 8D 41 20 8D CC 01 19 09 A2 82 24 1D 8E 02 2B 13 4D E2 00 00 00 00 00 00 00 00 00 00 00 00 00 00 00 00 00 00 00 00 2E D8 04 00 DF 60 20 00 00 00 00 00 8F 2B 08 01 00 13 00 00 00 01 00 01 00 00 00 00 00 00 00 00 00 00 00 0B 00 00 00 00 F3 DC 08 01 80 CD 08 01 00 00 00 00 00 FE FF FE 00 00 00 00 00 00 00 00 00 00 00 50 00 50 00 02 00 32 00 00 00 05 00 00 00 00 00 00 00 01 00 00 00 00 00 00 00 00 00 00 00 00 00 40 00 00 00 00 00 00 B2 00 00 00 00 00 00 00 00 00 00 00 00 00 00 00 00 00 00 00 00 00 00 00 00 00 00 00 00 00 00 00 00
09 0D 1D CD 41 0E 97 A2 A1 17 9C 64 41 1A 18 4C C1 1E 0B 8C 21 22 23 8D A1 16 87 21 E2 1F 9B 8D 82 27 90 CE 62 00 00 00 00 00 00 00 00 00 00 00 00 00 00 00 00 2E D8 04 00 DF 60 20 00 00 00 00 00 8F 2B 08 01 00 13 00 00 00 01 00 01 00 00 00 00 00 00 00 00 00 00 00 0B 00 00 00 00 F3 DC 08 01 80 CD 08 01 00 00 00 00 00 FE FF FE 00 00 00 00 00 00 00 00 00 00 00 50 00 50 00 02 00 32 00 00 00 05 00 00 00 00 00 00 00 01 00 00 00 00 00 00 00 00 00 00 00 00 00 40 00 00 00 00 00 00 B2 00 00 00 00 00 00 00 00 00 00 00 00 00 00 00 00 00 00 00 00 00 00 00 00 00 00
