07 14 10 09 61 1D 9B 4B 81 29 92 23 C1 3C 06 68 A1 10 1F E0 82 15 8C 47 82 18 06 9F 82 00 00 00 00 00 00 00 00 00 00 00 00 00 00 00 00 00 00 00 00 00 00 00 00 2E D8 04 00 DF 60 20 00 00 00 00 00 8F 2B 08 01 00 13 00 00 00 01 00 01 00 00 00 00 00 00 00 00 00 00 00 0B 00 00 00 00 F3 DC 08 01 80 CD 08 01 00 00 00 00 00 FE FF FE 00 00 00 00 00 00 00 00 00 00 00 50 00 50 00 02 00 32 00 00 00 05 00 00 00 00 00 00 00 01 00 00 00 00 00 00 00 00 00 00 00 00 00 40 00 00 00 00 00 00 B2 00 00 00 00 00 00 00 00 00 00 00 00 00 00 00 00 00 00 00 00 00 00 00 00 00 00 00 00 00 00 00 00 00
0A 12 8C 89 C1 1A 98 0B 21 1B 83 22 41 1E 9F 8C 41 2E A0 8D 81 39 03 67 01 0A 9C A0 82 12 88 87 C2 1C 22 23 82 24 0D A3 82 00 00 00 00 00 00 00 00 00 00 00 00 2E D8 04 00 DF 60 20 00 00 00 00 00 8F 2B 08 01 00 13 00 00 00 01 00 01 00 00 00 00 00 00 00 00 00 00 00 0B 00 00 00 00 F3 DC 08 01 80 CD 08 01 00 00 00 00 00 FE FF FE 00 00 00 00 00 00 00 00 00 00 00 50 00 50 00 02 00 32 00 00 00 05 00 00 00 00 00 00 00 01 00 00 00 00 00 00 00 00 00 00 00 00 00 40 00 00 00 00 00 00 B2 00 00 00 00 00 00 00 00 00 00 00 00 00 00 00 00 00 00 00 00 00 00 00 00 00 00 00 00 00 00 00 00 00
07 10 11 C9 41 19 88 62 01 1A 1D 4B 41 37 88 28 61 0C 21 A0 E2 11 0D C8 02 23 93 23 C2 00 00 00 00 00 00 00 00 00 00 00 00 00 00 00 00 00 00 00 00 00 00 00 00 2E D8 04 00 DF 60 20 00 00 00 00 00 8F 2B 08 01 00 13 00 00 00 01 00 01 00 00 00 00 00 00 00 00 00 00 00 0B 00 00 00 00 F3 DC 08 01 80 CD 08 01 00 00 00 00 00 FE FF FE 00 00 00 00 00 00 00 00 00 00 00 50 00 50 00 02 00 32 00 00 00 05 00 00 00 00 00 00 00 01 00 00 00 00 00 00 00 00 00 00 00 00 00 40 00 00 00 00 00 00 B2 00 00 00 00 00 00 00 00 00 00 00 00 00 00 00 00 00 00 00 00 00 00 00 00 00 00 00 00 00 00 00 00 00
09 1A 0E 48 E1 22 04 E1 61 28 21 0C 61 38 21 CD E1 42 05 27 61 14 1D E0 82 1B 0A 48 42 25 18 4C 62 2D 8F A3 82 00 00 00 00 00 00 00 00 00 00 00 00 00 00 00 00 2E D8 04 00 DF 60 20 00 00 00 00 00 8F 2B 08 01 00 13 00 00 00 01 00 01 00 00 00 00 00 00 00 00 00 00 00 0B 00 00 00 00 F3 DC 08 01 80 CD 08 01 00 00 00 00 00 FE FF FE 00 00 00 00 00 00 00 00 00 00 00 50 00 50 00 02 00 32 00 00 00 05 00 00 00 00 00 00 00 01 00 00 00 00 00 00 00 00 00 00 00 00 00 40 00 00 00 00 00 00 B2 00 00 00 00 00 00 00 00 00 00 00 00 00 00 00 00 00 00 00 00 00 00 00 00 00 00 00 00 00 00 00 00 00
07 0E 91 89 21 36 88 A7 C1 09 21 60 A2 10 8D C7 82 13 88 5F C2 19 1B 8D 02 22 13 23 82 00 00 00 00 00 00 00 00 00 00 00 00 00 00 00 00 00 00 00 00 00 00 00 00 2E D8 04 00 DF 60 20 00 00 00 00 00 8F 2B 08 01 00 13 00 00 00 01 00 01 00 00 00 00 00 00 00 00 00 00 00 0B 00 00 00 00 F3 DC 08 01 80 CD 08 01 00 00 00 00 00 FE FF FE 00 00 00 00 00 00 00 00 00 00 00 50 00 50 00 02 00 32 00 00 00 05 00 00 00 00 00 00 00 01 00 00 00 00 00 00 00 00 00 00 00 00 00 40 00 00 00 00 00 00 B2 00 00 00 00 00 00 00 00 00 00 00 00 00 00 00 00 00 00 00 00 00 00 00 00 00 00 00 00 00 00 00 00 00
07 0E 12 09 C1 16 9D 8B 41 35 89 27 A1 08 A2 21 02 0F 8E 48 02 13 08 E0 82 21 13 22 A2 00 00 00 00 00 00 00 00 00 00 00 00 00 00 00 00 00 00 00 00 00 00 00 00 2E D8 04 00 DF 60 20 00 00 00 00 00 8F 2B 08 01 00 13 00 00 00 01 00 01 00 00 00 00 00 00 00 00 00 00 00 0B 00 00 00 00 F3 DC 08 01 80 CD 08 01 00 00 00 00 00 FE FF FE 00 00 00 00 00 00 00 00 00 00 00 50 00 50 00 02 00 32 00 00 00 05 00 00 00 00 00 00 00 01 00 00 00 00 00 00 00 00 00 00 00 00 00 40 00 00 00 00 00 00 B2 00 00 00 00 00 00 00 00 00 00 00 00 00 00 00 00 00 00 00 00 00 00 00 00 00 00 00 00 00 00 00 00 00
07 17 12 89 61 3E 89 67 E1 11 A2 20 42 18 8E C7 E2 1D 09 A0 82 21 9C 8C 82 2A 93 E3 82 00 00 00 00 00 00 00 00 00 00 00 00 00 00 00 00 00 00 00 00 00 00 00 00 2E D8 04 00 DF 60 20 00 00 00 00 00 8F 2B 08 01 00 13 00 00 00 01 00 01 00 00 00 00 00 00 00 00 00 00 00 0B 00 00 00 00 F3 DC 08 01 80 CD 08 01 00 00 00 00 00 FE FF FE 00 00 00 00 00 00 00 00 00 00 00 50 00 50 00 02 00 32 00 00 00 05 00 00 00 00 00 00 00 01 00 00 00 00 00 00 00 00 00 00 00 00 00 40 00 00 00 00 00 00 B2 00 00 00 00 00 00 00 00 00 00 00 00 00 00 00 00 00 00 00 00 00 00 00 00 00 00 00 00 00 00 00 00 00
07 0F 92 C9 61 17 09 61 61 18 1E 0B 01 36 89 A7 C1 0A A2 A1 42 10 0E C8 22 22 93 E3 A2 00 00 00 00 00 00 00 00 00 00 00 00 00 00 00 00 00 00 00 00 00 00 00 00 2E D8 04 00 DF 60 20 00 00 00 00 00 8F 2B 08 01 00 13 00 00 00 01 00 01 00 00 00 00 00 00 00 00 00 00 00 0B 00 00 00 00 F3 DC 08 01 80 CD 08 01 00 00 00 00 00 FE FF FE 00 00 00 00 00 00 00 00 00 00 00 50 00 50 00 02 00 32 00 00 00 05 00 00 00 00 00 00 00 01 00 00 00 00 00 00 00 00 00 00 00 00 00 40 00 00 00 00 00 00 B2 00 00 00 00 00 00 00 00 00 00 00 00 00 00 00 00 00 00 00 00 00 00 00 00 00 00 00 00 00 00 00 00 00
06 0F 94 C8 E1 17 8B 61 21 17 9F CB 61 25 16 A3 61 37 0B 67 E1 10 90 C8 02 00 00 00 00 00 00 00 00 00 00 00 00 00 00 00 00 00 00 00 00 00 00 00 00 00 00 00 00 2E D8 04 00 DF 60 20 00 00 00 00 00 8F 2B 08 01 00 13 00 00 00 01 00 01 00 00 00 00 00 00 00 00 00 00 00 0B 00 00 00 00 F3 DC 08 01 80 CD 08 01 00 00 00 00 00 FE FF FE 00 00 00 00 00 00 00 00 00 00 00 50 00 50 00 02 00 32 00 00 00 05 00 00 00 00 00 00 00 01 00 00 00 00 00 00 00 00 00 00 00 00 00 40 00 00 00 00 00 00 B2 00 00 00 00 00 00 00 00 00 00 00 00 00 00 00 00 00 00 00 00 00 00 00 00 00 00 00 00 00 00 00 00 00
08 0C 91 88 E1 15 88 62 01 16 9C CB 41 36 07 68 21 08 21 20 C2 0E 8D 88 22 21 12 A3 A2 41 9A A5 42 00 00 00 00 00 00 00 00 00 00 00 00 00 00 00 00 00 00 00 00 2E D8 04 00 DF 60 20 00 00 00 00 00 8F 2B 08 01 00 13 00 00 00 01 00 01 00 00 00 00 00 00 00 00 00 00 00 0B 00 00 00 00 F3 DC 08 01 80 CD 08 01 00 00 00 00 00 FE FF FE 00 00 00 00 00 00 00 00 00 00 00 50 00 50 00 02 00 32 00 00 00 05 00 00 00 00 00 00 00 01 00 00 00 00 00 00 00 00 00 00 00 00 00 40 00 00 00 00 00 00 B2 00 00 00 00 00 00 00 00 00 00 00 00 00 00 00 00 00 00 00 00 00 00 00 00 00 00 00 00 00 00 00 00 00
06 13 95 89 21 1D A0 8B C1 3B 8B E8 01 15 11 88 42 1C 8D 21 C2 27 96 A3 82 00 00 00 00 00 00 00 00 00 00 00 00 00 00 00 00 00 00 00 00 00 00 00 00 00 00 00 00 2E D8 04 00 DF 60 20 00 00 00 00 00 8F 2B 08 01 00 13 00 00 00 01 00 01 00 00 00 00 00 00 00 00 00 00 00 0B 00 00 00 00 F3 DC 08 01 80 CD 08 01 00 00 00 00 00 FE FF FE 00 00 00 00 00 00 00 00 00 00 00 50 00 50 00 02 00 32 00 00 00 05 00 00 00 00 00 00 00 01 00 00 00 00 00 00 00 00 00 00 00 00 00 40 00 00 00 00 00 00 B2 00 00 00 00 00 00 00 00 00 00 00 00 00 00 00 00 00 00 00 00 00 00 00 00 00 00 00 00 00 00 00 00 00
07 0D 17 89 01 17 22 CA E1 1A 85 29 81 35 0D 68 21 0E 93 C8 62 14 8E A1 02 21 18 63 42 00 00 00 00 00 00 00 00 00 00 00 00 00 00 00 00 00 00 00 00 00 00 00 00 2E D8 04 00 DF 60 20 00 00 00 00 00 8F 2B 08 01 00 13 00 00 00 01 00 01 00 00 00 00 00 00 00 00 00 00 00 0B 00 00 00 00 F3 DC 08 01 80 CD 08 01 00 00 00 00 00 FE FF FE 00 00 00 00 00 00 00 00 00 00 00 50 00 50 00 02 00 32 00 00 00 05 00 00 00 00 00 00 00 01 00 00 00 00 00 00 00 00 00 00 00 00 00 40 00 00 00 00 00 00 B2 00 00 00 00 00 00 00 00 00 00 00 00 00 00 00 00 00 00 00 00 00 00 00 00 00 00 00 00 00 00 00 00 00
09 13 0D 89 E1 1C 98 8B E1 23 20 0C A1 33 A0 CD C1 3A 84 67 E1 0E 1D A0 E2 13 09 C8 62 21 22 E3 82 26 8E A3 C2 00 00 00 00 00 00 00 00 00 00 00 00 00 00 00 00 2E D8 04 00 DF 60 20 00 00 00 00 00 8F 2B 08 01 00 13 00 00 00 01 00 01 00 00 00 00 00 00 00 00 00 00 00 0B 00 00 00 00 F3 DC 08 01 80 CD 08 01 00 00 00 00 00 FE FF FE 00 00 00 00 00 00 00 00 00 00 00 50 00 50 00 02 00 32 00 00 00 05 00 00 00 00 00 00 00 01 00 00 00 00 00 00 00 00 00 00 00 00 00 40 00 00 00 00 00 00 B2 00 00 00 00 00 00 00 00 00 00 00 00 00 00 00 00 00 00 00 00 00 00 00 00 00 00 00 00 00 00 00 00 00
07 13 90 C9 C1 3B 87 A8 41 0F 20 E1 22 14 0D 48 42 1A 88 60 C2 1F 9A 8D 02 27 91 E3 62 00 00 00 00 00 00 00 00 00 00 00 00 00 00 00 00 00 00 00 00 00 00 00 00 2E D8 04 00 DF 60 20 00 00 00 00 00 8F 2B 08 01 00 13 00 00 00 01 00 01 00 00 00 00 00 00 00 00 00 00 00 0B 00 00 00 00 F3 DC 08 01 80 CD 08 01 00 00 00 00 00 FE FF FE 00 00 00 00 00 00 00 00 00 00 00 50 00 50 00 02 00 32 00 00 00 05 00 00 00 00 00 00 00 01 00 00 00 00 00 00 00 00 00 00 00 00 00 40 00 00 00 00 00 00 B2 00 00 00 00 00 00 00 00 00 00 00 00 00 00 00 00 00 00 00 00 00 00 00 00 00 00 00 00 00 00 00 00 00
06 0C 1D 48 E1 35 13 E8 21 3F 87 6A 81 0D 99 87 E2 15 14 E1 22 21 1E 63 22 00 00 00 00 00 00 00 00 00 00 00 00 00 00 00 00 00 00 00 00 00 00 00 00 00 00 00 00 2E D8 04 00 DF 60 20 00 00 00 00 00 8F 2B 08 01 00 13 00 00 00 01 00 01 00 00 00 00 00 00 00 00 00 00 00 0B 00 00 00 00 F3 DC 08 01 80 CD 08 01 00 00 00 00 00 FE FF FE 00 00 00 00 00 00 00 00 00 00 00 50 00 50 00 02 00 32 00 00 00 05 00 00 00 00 00 00 00 01 00 00 00 00 00 00 00 00 00 00 00 00 00 40 00 00 00 00 00 00 B2 00 00 00 00 00 00 00 00 00 00 00 00 00 00 00 00 00 00 00 00 00 00 00 00 00 00 00 00 00 00 00 00 00
05 0E 98 49 C1 36 0E 68 21 0F 14 48 22 16 0F A1 22 22 19 63 62 00 00 00 00 00 00 00 00 00 00 00 00 00 00 00 00 00 00 00 00 00 00 00 00 00 00 00 00 00 00 00 00 2E D8 04 00 DF 60 20 00 00 00 00 00 8F 2B 08 01 00 13 00 00 00 01 00 01 00 00 00 00 00 00 00 00 00 00 00 0B 00 00 00 00 F3 DC 08 01 80 CD 08 01 00 00 00 00 00 FE FF FE 00 00 00 00 00 00 00 00 00 00 00 50 00 50 00 02 00 32 00 00 00 05 00 00 00 00 00 00 00 01 00 00 00 00 00 00 00 00 00 00 00 00 00 40 00 00 00 00 00 00 B2 00 00 00 00 00 00 00 00 00 00 00 00 00 00 00 00 00 00 00 00 00 00 00 00 00 00 00 00 00 00 00 00 00
06 0D 16 C9 C1 15 A2 0B 21 34 8D 28 41 44 20 66 41 0D 12 C8 42 20 97 A3 C2 00 00 00 00 00 00 00 00 00 00 00 00 00 00 00 00 00 00 00 00 00 00 00 00 00 00 00 00 2E D8 04 00 DF 60 20 00 00 00 00 00 8F 2B 08 01 00 13 00 00 00 01 00 01 00 00 00 00 00 00 00 00 00 00 00 0B 00 00 00 00 F3 DC 08 01 80 CD 08 01 00 00 00 00 00 FE FF FE 00 00 00 00 00 00 00 00 00 00 00 50 00 50 00 02 00 32 00 00 00 05 00 00 00 00 00 00 00 01 00 00 00 00 00 00 00 00 00 00 00 00 00 40 00 00 00 00 00 00 B2 00 00 00 00 00 00 00 00 00 00 00 00 00 00 00 00 00 00 00 00 00 00 00 00 00 00 00 00 00 00 00 00 00
06 10 A1 62 61 12 92 09 E1 1C 9D 4B 81 39 88 68 01 13 0E 47 E2 26 92 E3 62 00 00 00 00 00 00 00 00 00 00 00 00 00 00 00 00 00 00 00 00 00 00 00 00 00 00 00 00 2E D8 04 00 DF 60 20 00 00 00 00 00 8F 2B 08 01 00 13 00 00 00 01 00 01 00 00 00 00 00 00 00 00 00 00 00 0B 00 00 00 00 F3 DC 08 01 80 CD 08 01 00 00 00 00 00 FE FF FE 00 00 00 00 00 00 00 00 00 00 00 50 00 50 00 02 00 32 00 00 00 05 00 00 00 00 00 00 00 01 00 00 00 00 00 00 00 00 00 00 00 00 00 40 00 00 00 00 00 00 B2 00 00 00 00 00 00 00 00 00 00 00 00 00 00 00 00 00 00 00 00 00 00 00 00 00 00 00 00 00 00 00 00 00
06 0E 93 8A 01 19 9E 8B 41 35 8A 27 E1 0F 0F C7 E2 15 0A E1 C2 22 14 63 82 00 00 00 00 00 00 00 00 00 00 00 00 00 00 00 00 00 00 00 00 00 00 00 00 00 00 00 00 2E D8 04 00 DF 60 20 00 00 00 00 00 8F 2B 08 01 00 13 00 00 00 01 00 01 00 00 00 00 00 00 00 00 00 00 00 0B 00 00 00 00 F3 DC 08 01 80 CD 08 01 00 00 00 00 00 FE FF FE 00 00 00 00 00 00 00 00 00 00 00 50 00 50 00 02 00 32 00 00 00 05 00 00 00 00 00 00 00 01 00 00 00 00 00 00 00 00 00 00 00 00 00 40 00 00 00 00 00 00 B2 00 00 00 00 00 00 00 00 00 00 00 00 00 00 00 00 00 00 00 00 00 00 00 00 00 00 00 00 00 00 00 00 00
07 0D 14 09 61 18 1F 0B C1 22 15 A3 81 34 89 E8 21 45 9C E6 01 0E 10 48 82 13 8B 61 A2 00 00 00 00 00 00 00 00 00 00 00 00 00 00 00 00 00 00 00 00 00 00 00 00 2E D8 04 00 DF 60 20 00 00 00 00 00 8F 2B 08 01 00 13 00 00 00 01 00 01 00 00 00 00 00 00 00 00 00 00 00 0B 00 00 00 00 F3 DC 08 01 80 CD 08 01 00 00 00 00 00 FE FF FE 00 00 00 00 00 00 00 00 00 00 00 50 00 50 00 02 00 32 00 00 00 05 00 00 00 00 00 00 00 01 00 00 00 00 00 00 00 00 00 00 00 00 00 40 00 00 00 00 00 00 B2 00 00 00 00 00 00 00 00 00 00 00 00 00 00 00 00 00 00 00 00 00 00 00 00 00 00 00 00 00 00 00 00 00
08 06 92 09 C1 0F 9D 4A E1 2E 09 27 C1 3E 1B A5 81 42 06 29 21 06 8E 08 A2 0E 89 E2 E2 1A 13 23 82 00 00 00 00 00 00 00 00 00 00 00 00 00 00 00 00 00 00 00 00 2E D8 04 00 DF 60 20 00 00 00 00 00 8F 2B 08 01 00 13 00 00 00 01 00 01 00 00 00 00 00 00 00 00 00 00 00 0B 00 00 00 00 F3 DC 08 01 80 CD 08 01 00 00 00 00 00 FE FF FE 00 00 00 00 00 00 00 00 00 00 00 50 00 50 00 02 00 32 00 00 00 05 00 00 00 00 00 00 00 01 00 00 00 00 00 00 00 00 00 00 00 00 00 40 00 00 00 00 00 00 B2 00 00 00 00 00 00 00 00 00 00 00 00 00 00 00 00 00 00 00 00 00 00 00 00 00 00 00 00 00 00 00 00 00
06 0A 94 89 61 14 1F CB 41 33 8A A7 E1 0C 90 C8 42 13 0B E0 E2 1F 15 62 C2 00 00 00 00 00 00 00 00 00 00 00 00 00 00 00 00 00 00 00 00 00 00 00 00 00 00 00 00 2E D8 04 00 DF 60 20 00 00 00 00 00 8F 2B 08 01 00 13 00 00 00 01 00 01 00 00 00 00 00 00 00 00 00 00 00 0B 00 00 00 00 F3 DC 08 01 80 CD 08 01 00 00 00 00 00 FE FF FE 00 00 00 00 00 00 00 00 00 00 00 50 00 50 00 02 00 32 00 00 00 05 00 00 00 00 00 00 00 01 00 00 00 00 00 00 00 00 00 00 00 00 00 40 00 00 00 00 00 00 B2 00 00 00 00 00 00 00 00 00 00 00 00 00 00 00 00 00 00 00 00 00 00 00 00 00 00 00 00 00 00 00 00 00
06 0F 95 C9 C1 1A A1 0B 41 37 0B A8 41 0F 91 C8 82 15 8D 21 62 23 16 E3 C2 00 00 00 00 00 00 00 00 00 00 00 00 00 00 00 00 00 00 00 00 00 00 00 00 00 00 00 00 2E D8 04 00 DF 60 20 00 00 00 00 00 8F 2B 08 01 00 13 00 00 00 01 00 01 00 00 00 00 00 00 00 00 00 00 00 0B 00 00 00 00 F3 DC 08 01 80 CD 08 01 00 00 00 00 00 FE FF FE 00 00 00 00 00 00 00 00 00 00 00 50 00 50 00 02 00 32 00 00 00 05 00 00 00 00 00 00 00 01 00 00 00 00 00 00 00 00 00 00 00 00 00 40 00 00 00 00 00 00 B2 00 00 00 00 00 00 00 00 00 00 00 00 00 00 00 00 00 00 00 00 00 00 00 00 00 00 00 00 00 00 00 00 00
07 0A 14 49 C1 13 8B A1 E1 13 9F CB 21 20 96 E3 C1 32 8B E7 E1 0B 90 C7 E2 46 0A 29 02 00 00 00 00 00 00 00 00 00 00 00 00 00 00 00 00 00 00 00 00 00 00 00 00 2E D8 04 00 DF 60 20 00 00 00 00 00 8F 2B 08 01 00 13 00 00 00 01 00 01 00 00 00 00 00 00 00 00 00 00 00 0B 00 00 00 00 F3 DC 08 01 80 CD 08 01 00 00 00 00 00 FE FF FE 00 00 00 00 00 00 00 00 00 00 00 50 00 50 00 02 00 32 00 00 00 05 00 00 00 00 00 00 00 01 00 00 00 00 00 00 00 00 00 00 00 00 00 40 00 00 00 00 00 00 B2 00 00 00 00 00 00 00 00 00 00 00 00 00 00 00 00 00 00 00 00 00 00 00 00 00 00 00 00 00 00 00 00 00
05 0C 22 4B C1 28 0D E7 C1 39 20 E5 E1 14 98 23 E2 3B 8C A8 02 00 00 00 00 00 00 00 00 00 00 00 00 00 00 00 00 00 00 00 00 00 00 00 00 00 00 00 00 00 00 00 00 2E D8 04 00 DF 60 20 00 00 00 00 00 8F 2B 08 01 00 13 00 00 00 01 00 01 00 00 00 00 00 00 00 00 00 00 00 0B 00 00 00 00 F3 DC 08 01 80 CD 08 01 00 00 00 00 00 FE FF FE 00 00 00 00 00 00 00 00 00 00 00 50 00 50 00 02 00 32 00 00 00 05 00 00 00 00 00 00 00 01 00 00 00 00 00 00 00 00 00 00 00 00 00 40 00 00 00 00 00 00 B2 00 00 00 00 00 00 00 00 00 00 00 00 00 00 00 00 00 00 00 00 00 00 00 00 00 00 00 00 00 00 00 00 00
08 0A 17 C9 41 13 A3 0B 41 33 0E 68 21 42 A1 25 21 0B 93 C8 62 11 8F 20 42 13 85 29 82 1E 98 E3 62 00 00 00 00 00 00 00 00 00 00 00 00 00 00 00 00 00 00 00 00 2E D8 04 00 DF 60 20 00 00 00 00 00 8F 2B 08 01 00 13 00 00 00 01 00 01 00 00 00 00 00 00 00 00 00 00 00 0B 00 00 00 00 F3 DC 08 01 80 CD 08 01 00 00 00 00 00 FE FF FE 00 00 00 00 00 00 00 00 00 00 00 50 00 50 00 02 00 32 00 00 00 05 00 00 00 00 00 00 00 01 00 00 00 00 00 00 00 00 00 00 00 00 00 40 00 00 00 00 00 00 B2 00 00 00 00 00 00 00 00 00 00 00 00 00 00 00 00 00 00 00 00 00 00 00 00 00 00 00 00 00 00 00 00 00
07 09 91 C9 C1 13 1D 0B 41 32 09 27 A1 0A 8E 07 C2 10 89 60 E2 1D 93 23 62 3F 1B A4 82 00 00 00 00 00 00 00 00 00 00 00 00 00 00 00 00 00 00 00 00 00 00 00 00 2E D8 04 00 DF 60 20 00 00 00 00 00 8F 2B 08 01 00 13 00 00 00 01 00 01 00 00 00 00 00 00 00 00 00 00 00 0B 00 00 00 00 F3 DC 08 01 80 CD 08 01 00 00 00 00 00 FE FF FE 00 00 00 00 00 00 00 00 00 00 00 50 00 50 00 02 00 32 00 00 00 05 00 00 00 00 00 00 00 01 00 00 00 00 00 00 00 00 00 00 00 00 00 40 00 00 00 00 00 00 B2 00 00 00 00 00 00 00 00 00 00 00 00 00 00 00 00 00 00 00 00 00 00 00 00 00 00 00 00 00 00 00 00 00
05 0D 97 09 C1 36 0D E7 E1 0F 13 48 42 16 0E A1 C2 22 18 22 E2 00 00 00 00 00 00 00 00 00 00 00 00 00 00 00 00 00 00 00 00 00 00 00 00 00 00 00 00 00 00 00 00 2E D8 04 00 DF 60 20 00 00 00 00 00 8F 2B 08 01 00 13 00 00 00 01 00 01 00 00 00 00 00 00 00 00 00 00 00 0B 00 00 00 00 F3 DC 08 01 80 CD 08 01 00 00 00 00 00 FE FF FE 00 00 00 00 00 00 00 00 00 00 00 50 00 50 00 02 00 32 00 00 00 05 00 00 00 00 00 00 00 01 00 00 00 00 00 00 00 00 00 00 00 00 00 40 00 00 00 00 00 00 B2 00 00 00 00 00 00 00 00 00 00 00 00 00 00 00 00 00 00 00 00 00 00 00 00 00 00 00 00 00 00 00 00 00
08 07 12 49 A1 11 1D 8B 41 2E 89 68 01 3F 1B E5 C1 07 8E 48 22 0E 09 A0 42 1A 93 A3 82 42 07 28 42 00 00 00 00 00 00 00 00 00 00 00 00 00 00 00 00 00 00 00 00 2E D8 04 00 DF 60 20 00 00 00 00 00 8F 2B 08 01 00 13 00 00 00 01 00 01 00 00 00 00 00 00 00 00 00 00 00 0B 00 00 00 00 F3 DC 08 01 80 CD 08 01 00 00 00 00 00 FE FF FE 00 00 00 00 00 00 00 00 00 00 00 50 00 50 00 02 00 32 00 00 00 05 00 00 00 00 00 00 00 01 00 00 00 00 00 00 00 00 00 00 00 00 00 40 00 00 00 00 00 00 B2 00 00 00 00 00 00 00 00 00 00 00 00 00 00 00 00 00 00 00 00 00 00 00 00 00 00 00 00 00 00 00 00 00
08 09 13 C9 21 12 1F 0A E1 30 8A A7 E1 40 1D E5 21 0A 10 07 C2 10 8B 21 22 1C 94 E3 82 44 09 68 C2 00 00 00 00 00 00 00 00 00 00 00 00 00 00 00 00 00 00 00 00 2E D8 04 00 DF 60 20 00 00 00 00 00 8F 2B 08 01 00 13 00 00 00 01 00 01 00 00 00 00 00 00 00 00 00 00 00 0B 00 00 00 00 F3 DC 08 01 80 CD 08 01 00 00 00 00 00 FE FF FE 00 00 00 00 00 00 00 00 00 00 00 50 00 50 00 02 00 32 00 00 00 05 00 00 00 00 00 00 00 01 00 00 00 00 00 00 00 00 00 00 00 00 00 40 00 00 00 00 00 00 B2 00 00 00 00 00 00 00 00 00 00 00 00 00 00 00 00 00 00 00 00 00 00 00 00 00 00 00 00 00 00 00 00 00
09 0B 0F 49 C1 15 9A 8B C1 1A A1 CC 41 33 86 67 A1 06 9F 20 C2 0C 8B 88 42 14 07 62 82 1F 90 A3 82 40 98 E4 C2 00 00 00 00 00 00 00 00 00 00 00 00 00 00 00 00 2E D8 04 00 DF 60 20 00 00 00 00 00 8F 2B 08 01 00 13 00 00 00 01 00 01 00 00 00 00 00 00 00 00 00 00 00 0B 00 00 00 00 F3 DC 08 01 80 CD 08 01 00 00 00 00 00 FE FF FE 00 00 00 00 00 00 00 00 00 00 00 50 00 50 00 02 00 32 00 00 00 05 00 00 00 00 00 00 00 01 00 00 00 00 00 00 00 00 00 00 00 00 00 40 00 00 00 00 00 00 B2 00 00 00 00 00 00 00 00 00 00 00 00 00 00 00 00 00 00 00 00 00 00 00 00 00 00 00 00 00 00 00 00 00
08 09 12 0A 01 12 09 61 E1 13 9D 8B 41 32 09 67 A1 42 1C 65 81 45 86 A8 81 0A 8E 87 E2 1D 13 A3 22 00 00 00 00 00 00 00 00 00 00 00 00 00 00 00 00 00 00 00 00 2E D8 04 00 DF 60 20 00 00 00 00 00 8F 2B 08 01 00 13 00 00 00 01 00 01 00 00 00 00 00 00 00 00 00 00 00 0B 00 00 00 00 F3 DC 08 01 80 CD 08 01 00 00 00 00 00 FE FF FE 00 00 00 00 00 00 00 00 00 00 00 50 00 50 00 02 00 32 00 00 00 05 00 00 00 00 00 00 00 01 00 00 00 00 00 00 00 00 00 00 00 00 00 40 00 00 00 00 00 00 B2 00 00 00 00 00 00 00 00 00 00 00 00 00 00 00 00 00 00 00 00 00 00 00 00 00 00 00 00 00 00 00 00 00
05 12 13 C9 61 1B 9E 8B C1 39 8A 68 01 12 8F C8 42 25 14 A3 22 00 00 00 00 00 00 00 00 00 00 00 00 00 00 00 00 00 00 00 00 00 00 00 00 00 00 00 00 00 00 00 00 2E D8 04 00 DF 60 20 00 00 00 00 00 8F 2B 08 01 00 13 00 00 00 01 00 01 00 00 00 00 00 00 00 00 00 00 00 0B 00 00 00 00 F3 DC 08 01 80 CD 08 01 00 00 00 00 00 FE FF FE 00 00 00 00 00 00 00 00 00 00 00 50 00 50 00 02 00 32 00 00 00 05 00 00 00 00 00 00 00 01 00 00 00 00 00 00 00 00 00 00 00 00 00 40 00 00 00 00 00 00 B2 00 00 00 00 00 00 00 00 00 00 00 00 00 00 00 00 00 00 00 00 00 00 00 00 00 00 00 00 00 00 00 00 00
0A 0A 17 49 A1 13 0D E1 C1 13 A2 4B 41 17 84 E9 A1 1F 99 23 C1 32 0D A7 E1 42 20 E6 21 45 0A 29 01 0A 93 48 02 12 03 C2 C2 00 00 00 00 00 00 00 00 00 00 00 00 2E D8 04 00 DF 60 20 00 00 00 00 00 8F 2B 08 01 00 13 00 00 00 01 00 01 00 00 00 00 00 00 00 00 00 00 00 0B 00 00 00 00 F3 DC 08 01 80 CD 08 01 00 00 00 00 00 FE FF FE 00 00 00 00 00 00 00 00 00 00 00 50 00 50 00 02 00 32 00 00 00 05 00 00 00 00 00 00 00 01 00 00 00 00 00 00 00 00 00 00 00 00 00 40 00 00 00 00 00 00 B2 00 00 00 00 00 00 00 00 00 00 00 00 00 00 00 00 00 00 00 00 00 00 00 00 00 00 00 00 00 00 00 00 00
08 0C 92 89 61 15 89 62 01 16 9D CB 41 1F 15 24 61 34 89 67 E1 43 9C A5 E1 07 22 20 E2 0D 0E 87 E2 00 00 00 00 00 00 00 00 00 00 00 00 00 00 00 00 00 00 00 00 2E D8 04 00 DF 60 20 00 00 00 00 00 8F 2B 08 01 00 13 00 00 00 01 00 01 00 00 00 00 00 00 00 00 00 00 00 0B 00 00 00 00 F3 DC 08 01 80 CD 08 01 00 00 00 00 00 FE FF FE 00 00 00 00 00 00 00 00 00 00 00 50 00 50 00 02 00 32 00 00 00 05 00 00 00 00 00 00 00 01 00 00 00 00 00 00 00 00 00 00 00 00 00 40 00 00 00 00 00 00 B2 00 00 00 00 00 00 00 00 00 00 00 00 00 00 00 00 00 00 00 00 00 00 00 00 00 00 00 00 00 00 00 00 00
06 16 99 89 61 23 86 6C 01 3F 10 28 21 17 95 C7 A2 1F 11 21 82 2A 1A A3 82 00 00 00 00 00 00 00 00 00 00 00 00 00 00 00 00 00 00 00 00 00 00 00 00 00 00 00 00 2E D8 04 00 DF 60 20 00 00 00 00 00 8F 2B 08 01 00 13 00 00 00 01 00 01 00 00 00 00 00 00 00 00 00 00 00 0B 00 00 00 00 F3 DC 08 01 80 CD 08 01 00 00 00 00 00 FE FF FE 00 00 00 00 00 00 00 00 00 00 00 50 00 50 00 02 00 32 00 00 00 05 00 00 00 00 00 00 00 01 00 00 00 00 00 00 00 00 00 00 00 00 00 40 00 00 00 00 00 00 B2 00 00 00 00 00 00 00 00 00 00 00 00 00 00 00 00 00 00 00 00 00 00 00 00 00 00 00 00 00 00 00 00 00
07 10 1A 89 81 16 03 EB 21 19 91 22 01 1F 9D 63 81 38 10 A7 E1 42 84 AB 01 10 96 87 A2 00 00 00 00 00 00 00 00 00 00 00 00 00 00 00 00 00 00 00 00 00 00 00 00 2E D8 04 00 DF 60 20 00 00 00 00 00 8F 2B 08 01 00 13 00 00 00 01 00 01 00 00 00 00 00 00 00 00 00 00 00 0B 00 00 00 00 F3 DC 08 01 80 CD 08 01 00 00 00 00 00 FE FF FE 00 00 00 00 00 00 00 00 00 00 00 50 00 50 00 02 00 32 00 00 00 05 00 00 00 00 00 00 00 01 00 00 00 00 00 00 00 00 00 00 00 00 00 40 00 00 00 00 00 00 B2 00 00 00 00 00 00 00 00 00 00 00 00 00 00 00 00 00 00 00 00 00 00 00 00 00 00 00 00 00 00 00 00 00
06 0C 8E A1 21 11 06 28 41 2C 8E A7 E1 3B 22 65 61 3F 0C 28 E1 18 19 22 E2 00 00 00 00 00 00 00 00 00 00 00 00 00 00 00 00 00 00 00 00 00 00 00 00 00 00 00 00 2E D8 04 00 DF 60 20 00 00 00 00 00 8F 2B 08 01 00 13 00 00 00 01 00 01 00 00 00 00 00 00 00 00 00 00 00 0B 00 00 00 00 F3 DC 08 01 80 CD 08 01 00 00 00 00 00 FE FF FE 00 00 00 00 00 00 00 00 00 00 00 50 00 50 00 02 00 32 00 00 00 05 00 00 00 00 00 00 00 01 00 00 00 00 00 00 00 00 00 00 00 00 00 40 00 00 00 00 00 00 B2 00 00 00 00 00 00 00 00 00 00 00 00 00 00 00 00 00 00 00 00 00 00 00 00 00 00 00 00 00 00 00 00 00
06 08 1B 89 A1 2F 91 68 21 39 85 AA 41 08 97 87 E2 1B 9C 62 E2 42 10 28 E2 00 00 00 00 00 00 00 00 00 00 00 00 00 00 00 00 00 00 00 00 00 00 00 00 00 00 00 00 2E D8 04 00 DF 60 20 00 00 00 00 00 8F 2B 08 01 00 13 00 00 00 01 00 01 00 00 00 00 00 00 00 00 00 00 00 0B 00 00 00 00 F3 DC 08 01 80 CD 08 01 00 00 00 00 00 FE FF FE 00 00 00 00 00 00 00 00 00 00 00 50 00 50 00 02 00 32 00 00 00 05 00 00 00 00 00 00 00 01 00 00 00 00 00 00 00 00 00 00 00 00 00 40 00 00 00 00 00 00 B2 00 00 00 00 00 00 00 00 00 00 00 00 00 00 00 00 00 00 00 00 00 00 00 00 00 00 00 00 00 00 00 00 00
08 09 95 09 41 14 20 0B E1 33 0A E8 41 43 1D E6 21 0B 11 08 42 12 8C 61 22 1E 95 E2 C2 45 09 E9 22 00 00 00 00 00 00 00 00 00 00 00 00 00 00 00 00 00 00 00 00 2E D8 04 00 DF 60 20 00 00 00 00 00 8F 2B 08 01 00 13 00 00 00 01 00 01 00 00 00 00 00 00 00 00 00 00 00 0B 00 00 00 00 F3 DC 08 01 80 CD 08 01 00 00 00 00 00 FE FF FE 00 00 00 00 00 00 00 00 00 00 00 50 00 50 00 02 00 32 00 00 00 05 00 00 00 00 00 00 00 01 00 00 00 00 00 00 00 00 00 00 00 00 00 40 00 00 00 00 00 00 B2 00 00 00 00 00 00 00 00 00 00 00 00 00 00 00 00 00 00 00 00 00 00 00 00 00 00 00 00 00 00 00 00 00
05 0D 18 49 81 22 19 A3 61 34 0E 67 E1 0D 14 47 E2 13 8F 60 E2 00 00 00 00 00 00 00 00 00 00 00 00 00 00 00 00 00 00 00 00 00 00 00 00 00 00 00 00 00 00 00 00 2E D8 04 00 DF 60 20 00 00 00 00 00 8F 2B 08 01 00 13 00 00 00 01 00 01 00 00 00 00 00 00 00 00 00 00 00 0B 00 00 00 00 F3 DC 08 01 80 CD 08 01 00 00 00 00 00 FE FF FE 00 00 00 00 00 00 00 00 00 00 00 50 00 50 00 02 00 32 00 00 00 05 00 00 00 00 00 00 00 01 00 00 00 00 00 00 00 00 00 00 00 00 00 40 00 00 00 00 00 00 B2 00 00 00 00 00 00 00 00 00 00 00 00 00 00 00 00 00 00 00 00 00 00 00 00 00 00 00 00 00 00 00 00 00
07 13 13 49 A1 1E 1E 0B C1 3B 88 E7 E1 0F 23 21 22 14 0F 48 82 1A 8A 21 42 27 13 E3 E2 00 00 00 00 00 00 00 00 00 00 00 00 00 00 00 00 00 00 00 00 00 00 00 00 2E D8 04 00 DF 60 20 00 00 00 00 00 8F 2B 08 01 00 13 00 00 00 01 00 01 00 00 00 00 00 00 00 00 00 00 00 0B 00 00 00 00 F3 DC 08 01 80 CD 08 01 00 00 00 00 00 FE FF FE 00 00 00 00 00 00 00 00 00 00 00 50 00 50 00 02 00 32 00 00 00 05 00 00 00 00 00 00 00 01 00 00 00 00 00 00 00 00 00 00 00 00 00 40 00 00 00 00 00 00 B2 00 00 00 00 00 00 00 00 00 00 00 00 00 00 00 00 00 00 00 00 00 00 00 00 00 00 00 00 00 00 00 00 00
05 0D 15 49 01 17 A0 4B 81 23 16 A3 E1 35 0A 68 21 0E 11 08 62 00 00 00 00 00 00 00 00 00 00 00 00 00 00 00 00 00 00 00 00 00 00 00 00 00 00 00 00 00 00 00 00 2E D8 04 00 DF 60 20 00 00 00 00 00 8F 2B 08 01 00 13 00 00 00 01 00 01 00 00 00 00 00 00 00 00 00 00 00 0B 00 00 00 00 F3 DC 08 01 80 CD 08 01 00 00 00 00 00 FE FF FE 00 00 00 00 00 00 00 00 00 00 00 50 00 50 00 02 00 32 00 00 00 05 00 00 00 00 00 00 00 01 00 00 00 00 00 00 00 00 00 00 00 00 00 40 00 00 00 00 00 00 B2 00 00 00 00 00 00 00 00 00 00 00 00 00 00 00 00 00 00 00 00 00 00 00 00 00 00 00 00 00 00 00 00 00
07 07 15 4A 61 12 20 8B 61 2E 8A E8 41 3F 1D E5 E1 07 91 48 82 1A 95 E3 82 41 89 68 C2 00 00 00 00 00 00 00 00 00 00 00 00 00 00 00 00 00 00 00 00 00 00 00 00 2E D8 04 00 DF 60 20 00 00 00 00 00 8F 2B 08 01 00 13 00 00 00 01 00 01 00 00 00 00 00 00 00 00 00 00 00 0B 00 00 00 00 F3 DC 08 01 80 CD 08 01 00 00 00 00 00 FE FF FE 00 00 00 00 00 00 00 00 00 00 00 50 00 50 00 02 00 32 00 00 00 05 00 00 00 00 00 00 00 01 00 00 00 00 00 00 00 00 00 00 00 00 00 40 00 00 00 00 00 00 B2 00 00 00 00 00 00 00 00 00 00 00 00 00 00 00 00 00 00 00 00 00 00 00 00 00 00 00 00 00 00 00 00 00
0A 09 0F 48 81 14 06 61 41 14 22 4B 81 17 12 A2 C1 25 A3 8C E1 32 87 67 61 0B 0B 47 A2 11 99 4C 22 3D 1A 64 A2 45 86 A8 62 00 00 00 00 00 00 00 00 00 00 00 00 2E D8 04 00 DF 60 20 00 00 00 00 00 8F 2B 08 01 00 13 00 00 00 01 00 01 00 00 00 00 00 00 00 00 00 00 00 0B 00 00 00 00 F3 DC 08 01 80 CD 08 01 00 00 00 00 00 FE FF FE 00 00 00 00 00 00 00 00 00 00 00 50 00 50 00 02 00 32 00 00 00 05 00 00 00 00 00 00 00 01 00 00 00 00 00 00 00 00 00 00 00 00 00 40 00 00 00 00 00 00 B2 00 00 00 00 00 00 00 00 00 00 00 00 00 00 00 00 00 00 00 00 00 00 00 00 00 00 00 00 00 00 00 00 00
09 06 8E 49 81 15 A1 0C 61 25 21 CD E1 30 85 67 61 08 8A 87 A2 0F 85 E0 82 12 18 4C 82 1A 8F E3 82 3B 98 65 42 00 00 00 00 00 00 00 00 00 00 00 00 00 00 00 00 2E D8 04 00 DF 60 20 00 00 00 00 00 8F 2B 08 01 00 13 00 00 00 01 00 01 00 00 00 00 00 00 00 00 00 00 00 0B 00 00 00 00 F3 DC 08 01 80 CD 08 01 00 00 00 00 00 FE FF FE 00 00 00 00 00 00 00 00 00 00 00 50 00 50 00 02 00 32 00 00 00 05 00 00 00 00 00 00 00 01 00 00 00 00 00 00 00 00 00 00 00 00 00 40 00 00 00 00 00 00 B2 00 00 00 00 00 00 00 00 00 00 00 00 00 00 00 00 00 00 00 00 00 00 00 00 00 00 00 00 00 00 00 00 00
07 0F 12 49 01 18 89 21 21 19 9D CB 21 39 09 27 C1 0B 21 E0 82 11 0E 87 E2 22 93 E3 22 00 00 00 00 00 00 00 00 00 00 00 00 00 00 00 00 00 00 00 00 00 00 00 00 2E D8 04 00 DF 60 20 00 00 00 00 00 8F 2B 08 01 00 13 00 00 00 01 00 01 00 00 00 00 00 00 00 00 00 00 00 0B 00 00 00 00 F3 DC 08 01 80 CD 08 01 00 00 00 00 00 FE FF FE 00 00 00 00 00 00 00 00 00 00 00 50 00 50 00 02 00 32 00 00 00 05 00 00 00 00 00 00 00 01 00 00 00 00 00 00 00 00 00 00 00 00 00 40 00 00 00 00 00 00 B2 00 00 00 00 00 00 00 00 00 00 00 00 00 00 00 00 00 00 00 00 00 00 00 00 00 00 00 00 00 00 00 00 00
07 11 90 49 C1 1B 1B CB 01 3A 88 67 41 0D 20 61 22 13 8C C8 42 1A 87 E0 E2 25 11 E3 22 00 00 00 00 00 00 00 00 00 00 00 00 00 00 00 00 00 00 00 00 00 00 00 00 2E D8 04 00 DF 60 20 00 00 00 00 00 8F 2B 08 01 00 13 00 00 00 01 00 01 00 00 00 00 00 00 00 00 00 00 00 0B 00 00 00 00 F3 DC 08 01 80 CD 08 01 00 00 00 00 00 FE FF FE 00 00 00 00 00 00 00 00 00 00 00 50 00 50 00 02 00 32 00 00 00 05 00 00 00 00 00 00 00 01 00 00 00 00 00 00 00 00 00 00 00 00 00 40 00 00 00 00 00 00 B2 00 00 00 00 00 00 00 00 00 00 00 00 00 00 00 00 00 00 00 00 00 00 00 00 00 00 00 00 00 00 00 00 00
08 0E 8F C9 C1 19 1A CB E1 20 22 4C 81 38 06 A7 81 0B 1F E1 42 11 0C 08 A2 16 07 61 22 22 90 E3 42 00 00 00 00 00 00 00 00 00 00 00 00 00 00 00 00 00 00 00 00 2E D8 04 00 DF 60 20 00 00 00 00 00 8F 2B 08 01 00 13 00 00 00 01 00 01 00 00 00 00 00 00 00 00 00 00 00 0B 00 00 00 00 F3 DC 08 01 80 CD 08 01 00 00 00 00 00 FE FF FE 00 00 00 00 00 00 00 00 00 00 00 50 00 50 00 02 00 32 00 00 00 05 00 00 00 00 00 00 00 01 00 00 00 00 00 00 00 00 00 00 00 00 00 40 00 00 00 00 00 00 B2 00 00 00 00 00 00 00 00 00 00 00 00 00 00 00 00 00 00 00 00 00 00 00 00 00 00 00 00 00 00 00 00 00
08 0C 10 C9 81 15 9C 0B 41 34 87 E7 81 43 9A A5 41 07 A1 21 22 0D 0D 08 62 14 08 A2 42 1F 91 E3 82 00 00 00 00 00 00 00 00 00 00 00 00 00 00 00 00 00 00 00 00 2E D8 04 00 DF 60 20 00 00 00 00 00 8F 2B 08 01 00 13 00 00 00 01 00 01 00 00 00 00 00 00 00 00 00 00 00 0B 00 00 00 00 F3 DC 08 01 80 CD 08 01 00 00 00 00 00 FE FF FE 00 00 00 00 00 00 00 00 00 00 00 50 00 50 00 02 00 32 00 00 00 05 00 00 00 00 00 00 00 01 00 00 00 00 00 00 00 00 00 00 00 00 00 40 00 00 00 00 00 00 B2 00 00 00 00 00 00 00 00 00 00 00 00 00 00 00 00 00 00 00 00 00 00 00 00 00 00 00 00 00 00 00 00 00
08 07 13 C9 41 10 1E CB 21 30 8B 67 21 09 10 08 62 10 0B 61 42 1B 94 A3 22 3D 1D E4 C2 44 8A A8 42 00 00 00 00 00 00 00 00 00 00 00 00 00 00 00 00 00 00 00 00 2E D8 04 00 DF 60 20 00 00 00 00 00 8F 2B 08 01 00 13 00 00 00 01 00 01 00 00 00 00 00 00 00 00 00 00 00 0B 00 00 00 00 F3 DC 08 01 80 CD 08 01 00 00 00 00 00 FE FF FE 00 00 00 00 00 00 00 00 00 00 00 50 00 50 00 02 00 32 00 00 00 05 00 00 00 00 00 00 00 01 00 00 00 00 00 00 00 00 00 00 00 00 00 40 00 00 00 00 00 00 B2 00 00 00 00 00 00 00 00 00 00 00 00 00 00 00 00 00 00 00 00 00 00 00 00 00 00 00 00 00 00 00 00 00
08 06 93 C9 61 10 9F 0B 21 2E 8A 67 A1 3E 9D A5 41 07 90 08 42 0D 8A E0 A2 1A 14 E3 62 42 09 A7 E2 00 00 00 00 00 00 00 00 00 00 00 00 00 00 00 00 00 00 00 00 2E D8 04 00 DF 60 20 00 00 00 00 00 8F 2B 08 01 00 13 00 00 00 01 00 01 00 00 00 00 00 00 00 00 00 00 00 0B 00 00 00 00 F3 DC 08 01 80 CD 08 01 00 00 00 00 00 FE FF FE 00 00 00 00 00 00 00 00 00 00 00 50 00 50 00 02 00 32 00 00 00 05 00 00 00 00 00 00 00 01 00 00 00 00 00 00 00 00 00 00 00 00 00 40 00 00 00 00 00 00 B2 00 00 00 00 00 00 00 00 00 00 00 00 00 00 00 00 00 00 00 00 00 00 00 00 00 00 00 00 00 00 00 00 00
06 16 96 49 21 20 21 4A E1 3F 0C A7 C1 17 12 48 22 1C 8D 60 62 2A 97 23 62 00 00 00 00 00 00 00 00 00 00 00 00 00 00 00 00 00 00 00 00 00 00 00 00 00 00 00 00 2E D8 04 00 DF 60 20 00 00 00 00 00 8F 2B 08 01 00 13 00 00 00 01 00 01 00 00 00 00 00 00 00 00 00 00 00 0B 00 00 00 00 F3 DC 08 01 80 CD 08 01 00 00 00 00 00 FE FF FE 00 00 00 00 00 00 00 00 00 00 00 50 00 50 00 02 00 32 00 00 00 05 00 00 00 00 00 00 00 01 00 00 00 00 00 00 00 00 00 00 00 00 00 40 00 00 00 00 00 00 B2 00 00 00 00 00 00 00 00 00 00 00 00 00 00 00 00 00 00 00 00 00 00 00 00 00 00 00 00 00 00 00 00 00
07 08 97 89 61 11 A2 8B 41 30 8E 28 01 40 A1 25 E1 09 13 C8 42 1C 18 63 02 43 8C A8 C2 00 00 00 00 00 00 00 00 00 00 00 00 00 00 00 00 00 00 00 00 00 00 00 00 2E D8 04 00 DF 60 20 00 00 00 00 00 8F 2B 08 01 00 13 00 00 00 01 00 01 00 00 00 00 00 00 00 00 00 00 00 0B 00 00 00 00 F3 DC 08 01 80 CD 08 01 00 00 00 00 00 FE FF FE 00 00 00 00 00 00 00 00 00 00 00 50 00 50 00 02 00 32 00 00 00 05 00 00 00 00 00 00 00 01 00 00 00 00 00 00 00 00 00 00 00 00 00 40 00 00 00 00 00 00 B2 00 00 00 00 00 00 00 00 00 00 00 00 00 00 00 00 00 00 00 00 00 00 00 00 00 00 00 00 00 00 00 00 00
08 09 16 49 C1 14 21 4B 41 31 8C 67 C1 42 1F 25 81 0A 12 48 42 0F 8D 60 42 1C 97 63 A2 44 0B 68 C2 00 00 00 00 00 00 00 00 00 00 00 00 00 00 00 00 00 00 00 00 2E D8 04 00 DF 60 20 00 00 00 00 00 8F 2B 08 01 00 13 00 00 00 01 00 01 00 00 00 00 00 00 00 00 00 00 00 0B 00 00 00 00 F3 DC 08 01 80 CD 08 01 00 00 00 00 00 FE FF FE 00 00 00 00 00 00 00 00 00 00 00 50 00 50 00 02 00 32 00 00 00 05 00 00 00 00 00 00 00 01 00 00 00 00 00 00 00 00 00 00 00 00 00 40 00 00 00 00 00 00 B2 00 00 00 00 00 00 00 00 00 00 00 00 00 00 00 00 00 00 00 00 00 00 00 00 00 00 00 00 00 00 00 00 00
06 0C 92 8A 01 18 1D CB A1 34 88 E7 C1 0D 0E 88 42 14 0A 22 42 20 13 A3 C2 00 00 00 00 00 00 00 00 00 00 00 00 00 00 00 00 00 00 00 00 00 00 00 00 00 00 00 00 2E D8 04 00 DF 60 20 00 00 00 00 00 8F 2B 08 01 00 13 00 00 00 01 00 01 00 00 00 00 00 00 00 00 00 00 00 0B 00 00 00 00 F3 DC 08 01 80 CD 08 01 00 00 00 00 00 FE FF FE 00 00 00 00 00 00 00 00 00 00 00 50 00 50 00 02 00 32 00 00 00 05 00 00 00 00 00 00 00 01 00 00 00 00 00 00 00 00 00 00 00 00 00 40 00 00 00 00 00 00 B2 00 00 00 00 00 00 00 00 00 00 00 00 00 00 00 00 00 00 00 00 00 00 00 00 00 00 00 00 00 00 00 00 00
05 0C 1F 0B C1 28 09 E7 C1 39 9C E5 E1 14 14 E3 C2 3B 88 A8 42 00 00 00 00 00 00 00 00 00 00 00 00 00 00 00 00 00 00 00 00 00 00 00 00 00 00 00 00 00 00 00 00 2E D8 04 00 DF 60 20 00 00 00 00 00 8F 2B 08 01 00 13 00 00 00 01 00 01 00 00 00 00 00 00 00 00 00 00 00 0B 00 00 00 00 F3 DC 08 01 80 CD 08 01 00 00 00 00 00 FE FF FE 00 00 00 00 00 00 00 00 00 00 00 50 00 50 00 02 00 32 00 00 00 05 00 00 00 00 00 00 00 01 00 00 00 00 00 00 00 00 00 00 00 00 00 40 00 00 00 00 00 00 B2 00 00 00 00 00 00 00 00 00 00 00 00 00 00 00 00 00 00 00 00 00 00 00 00 00 00 00 00 00 00 00 00 00
06 0C 96 89 41 17 A1 CB 41 23 97 E3 81 35 0C A8 21 0D 92 88 42 12 8D 60 C2 00 00 00 00 00 00 00 00 00 00 00 00 00 00 00 00 00 00 00 00 00 00 00 00 00 00 00 00 2E D8 04 00 DF 60 20 00 00 00 00 00 8F 2B 08 01 00 13 00 00 00 01 00 01 00 00 00 00 00 00 00 00 00 00 00 0B 00 00 00 00 F3 DC 08 01 80 CD 08 01 00 00 00 00 00 FE FF FE 00 00 00 00 00 00 00 00 00 00 00 50 00 50 00 02 00 32 00 00 00 05 00 00 00 00 00 00 00 01 00 00 00 00 00 00 00 00 00 00 00 00 00 40 00 00 00 00 00 00 B2 00 00 00 00 00 00 00 00 00 00 00 00 00 00 00 00 00 00 00 00 00 00 00 00 00 00 00 00 00 00 00 00 00
07 0F A1 4B 41 2C 8D 27 A1 3D 9F A5 A1 06 12 48 62 0B 0D 60 62 18 17 63 82 40 8B A8 82 00 00 00 00 00 00 00 00 00 00 00 00 00 00 00 00 00 00 00 00 00 00 00 00 2E D8 04 00 DF 60 20 00 00 00 00 00 8F 2B 08 01 00 13 00 00 00 01 00 01 00 00 00 00 00 00 00 00 00 00 00 0B 00 00 00 00 F3 DC 08 01 80 CD 08 01 00 00 00 00 00 FE FF FE 00 00 00 00 00 00 00 00 00 00 00 50 00 50 00 02 00 32 00 00 00 05 00 00 00 00 00 00 00 01 00 00 00 00 00 00 00 00 00 00 00 00 00 40 00 00 00 00 00 00 B2 00 00 00 00 00 00 00 00 00 00 00 00 00 00 00 00 00 00 00 00 00 00 00 00 00 00 00 00 00 00 00 00 00
07 06 92 4A 01 12 1D CB 41 2F 08 A7 E1 40 1B 65 81 08 0E 48 A2 1A 93 63 A2 42 06 E8 82 00 00 00 00 00 00 00 00 00 00 00 00 00 00 00 00 00 00 00 00 00 00 00 00 2E D8 04 00 DF 60 20 00 00 00 00 00 8F 2B 08 01 00 13 00 00 00 01 00 01 00 00 00 00 00 00 00 00 00 00 00 0B 00 00 00 00 F3 DC 08 01 80 CD 08 01 00 00 00 00 00 FE FF FE 00 00 00 00 00 00 00 00 00 00 00 50 00 50 00 02 00 32 00 00 00 05 00 00 00 00 00 00 00 01 00 00 00 00 00 00 00 00 00 00 00 00 00 40 00 00 00 00 00 00 B2 00 00 00 00 00 00 00 00 00 00 00 00 00 00 00 00 00 00 00 00 00 00 00 00 00 00 00 00 00 00 00 00 00
06 0D 15 C9 C1 18 A1 0B C1 35 8C 67 E1 0E 12 07 E2 14 8D 61 42 21 17 23 A2 00 00 00 00 00 00 00 00 00 00 00 00 00 00 00 00 00 00 00 00 00 00 00 00 00 00 00 00 2E D8 04 00 DF 60 20 00 00 00 00 00 8F 2B 08 01 00 13 00 00 00 01 00 01 00 00 00 00 00 00 00 00 00 00 00 0B 00 00 00 00 F3 DC 08 01 80 CD 08 01 00 00 00 00 00 FE FF FE 00 00 00 00 00 00 00 00 00 00 00 50 00 50 00 02 00 32 00 00 00 05 00 00 00 00 00 00 00 01 00 00 00 00 00 00 00 00 00 00 00 00 00 40 00 00 00 00 00 00 B2 00 00 00 00 00 00 00 00 00 00 00 00 00 00 00 00 00 00 00 00 00 00 00 00 00 00 00 00 00 00 00 00 00
06 09 98 09 C1 11 0E A1 61 31 0E E7 E1 42 21 66 01 44 8C 29 81 0A 14 08 62 00 00 00 00 00 00 00 00 00 00 00 00 00 00 00 00 00 00 00 00 00 00 00 00 00 00 00 00 2E D8 04 00 DF 60 20 00 00 00 00 00 8F 2B 08 01 00 13 00 00 00 01 00 01 00 00 00 00 00 00 00 00 00 00 00 0B 00 00 00 00 F3 DC 08 01 80 CD 08 01 00 00 00 00 00 FE FF FE 00 00 00 00 00 00 00 00 00 00 00 50 00 50 00 02 00 32 00 00 00 05 00 00 00 00 00 00 00 01 00 00 00 00 00 00 00 00 00 00 00 00 00 40 00 00 00 00 00 00 B2 00 00 00 00 00 00 00 00 00 00 00 00 00 00 00 00 00 00 00 00 00 00 00 00 00 00 00 00 00 00 00 00 00
07 09 14 CA 01 14 A0 0B C1 30 0B A7 E1 42 1D E5 E1 09 90 C8 42 1B 95 E3 82 44 09 E8 C2 00 00 00 00 00 00 00 00 00 00 00 00 00 00 00 00 00 00 00 00 00 00 00 00 2E D8 04 00 DF 60 20 00 00 00 00 00 8F 2B 08 01 00 13 00 00 00 01 00 01 00 00 00 00 00 00 00 00 00 00 00 0B 00 00 00 00 F3 DC 08 01 80 CD 08 01 00 00 00 00 00 FE FF FE 00 00 00 00 00 00 00 00 00 00 00 50 00 50 00 02 00 32 00 00 00 05 00 00 00 00 00 00 00 01 00 00 00 00 00 00 00 00 00 00 00 00 00 40 00 00 00 00 00 00 B2 00 00 00 00 00 00 00 00 00 00 00 00 00 00 00 00 00 00 00 00 00 00 00 00 00 00 00 00 00 00 00 00 00
05 0D 98 89 A1 35 8E 67 E1 0E 94 88 82 13 0F 61 22 21 19 63 A2 00 00 00 00 00 00 00 00 00 00 00 00 00 00 00 00 00 00 00 00 00 00 00 00 00 00 00 00 00 00 00 00 2E D8 04 00 DF 60 20 00 00 00 00 00 8F 2B 08 01 00 13 00 00 00 01 00 01 00 00 00 00 00 00 00 00 00 00 00 0B 00 00 00 00 F3 DC 08 01 80 CD 08 01 00 00 00 00 00 FE FF FE 00 00 00 00 00 00 00 00 00 00 00 50 00 50 00 02 00 32 00 00 00 05 00 00 00 00 00 00 00 01 00 00 00 00 00 00 00 00 00 00 00 00 00 40 00 00 00 00 00 00 B2 00 00 00 00 00 00 00 00 00 00 00 00 00 00 00 00 00 00 00 00 00 00 00 00 00 00 00 00 00 00 00 00 00
09 06 98 8A 41 14 86 69 C1 2E 8F 67 E1 39 83 E9 E1 3E 22 A5 E1 07 14 88 62 0C 8F A0 C2 1A 99 A3 82 41 8E 28 82 00 00 00 00 00 00 00 00 00 00 00 00 00 00 00 00 2E D8 04 00 DF 60 20 00 00 00 00 00 8F 2B 08 01 00 13 00 00 00 01 00 01 00 00 00 00 00 00 00 00 00 00 00 0B 00 00 00 00 F3 DC 08 01 80 CD 08 01 00 00 00 00 00 FE FF FE 00 00 00 00 00 00 00 00 00 00 00 50 00 50 00 02 00 32 00 00 00 05 00 00 00 00 00 00 00 01 00 00 00 00 00 00 00 00 00 00 00 00 00 40 00 00 00 00 00 00 B2 00 00 00 00 00 00 00 00 00 00 00 00 00 00 00 00 00 00 00 00 00 00 00 00 00 00 00 00 00 00 00 00 00
08 12 97 49 E1 1C A2 4B C1 20 04 E9 A1 25 19 A4 01 3A 0D E7 E1 13 13 48 22 1A 0E E1 82 1A 84 28 82 00 00 00 00 00 00 00 00 00 00 00 00 00 00 00 00 00 00 00 00 2E D8 04 00 DF 60 20 00 00 00 00 00 8F 2B 08 01 00 13 00 00 00 01 00 01 00 00 00 00 00 00 00 00 00 00 00 0B 00 00 00 00 F3 DC 08 01 80 CD 08 01 00 00 00 00 00 FE FF FE 00 00 00 00 00 00 00 00 00 00 00 50 00 50 00 02 00 32 00 00 00 05 00 00 00 00 00 00 00 01 00 00 00 00 00 00 00 00 00 00 00 00 00 40 00 00 00 00 00 00 B2 00 00 00 00 00 00 00 00 00 00 00 00 00 00 00 00 00 00 00 00 00 00 00 00 00 00 00 00 00 00 00 00 00
06 0C 19 C9 81 35 10 67 E1 40 04 AA A1 0D 16 07 E2 12 11 21 22 21 1A A3 82 00 00 00 00 00 00 00 00 00 00 00 00 00 00 00 00 00 00 00 00 00 00 00 00 00 00 00 00 2E D8 04 00 DF 60 20 00 00 00 00 00 8F 2B 08 01 00 13 00 00 00 01 00 01 00 00 00 00 00 00 00 00 00 00 00 0B 00 00 00 00 F3 DC 08 01 80 CD 08 01 00 00 00 00 00 FE FF FE 00 00 00 00 00 00 00 00 00 00 00 50 00 50 00 02 00 32 00 00 00 05 00 00 00 00 00 00 00 01 00 00 00 00 00 00 00 00 00 00 00 00 00 40 00 00 00 00 00 00 B2 00 00 00 00 00 00 00 00 00 00 00 00 00 00 00 00 00 00 00 00 00 00 00 00 00 00 00 00 00 00 00 00 00
09 0E 89 49 61 19 14 CB 21 1D 9C 4C 21 24 8C 23 81 2E 1D 8D 81 38 01 E6 21 08 99 20 62 11 86 07 A2 1A 9E E3 02 00 00 00 00 00 00 00 00 00 00 00 00 00 00 00 00 2E D8 04 00 DF 60 20 00 00 00 00 00 8F 2B 08 01 00 13 00 00 00 01 00 01 00 00 00 00 00 00 00 00 00 00 00 0B 00 00 00 00 F3 DC 08 01 80 CD 08 01 00 00 00 00 00 FE FF FE 00 00 00 00 00 00 00 00 00 00 00 50 00 50 00 02 00 32 00 00 00 05 00 00 00 00 00 00 00 01 00 00 00 00 00 00 00 00 00 00 00 00 00 40 00 00 00 00 00 00 B2 00 00 00 00 00 00 00 00 00 00 00 00 00 00 00 00 00 00 00 00 00 00 00 00 00 00 00 00 00 00 00 00 00
08 0E 92 49 21 18 1D CA E1 37 89 A7 A1 0A 22 20 C2 10 0E 87 C2 16 09 E1 22 21 93 E3 62 44 1C 24 E2 00 00 00 00 00 00 00 00 00 00 00 00 00 00 00 00 00 00 00 00 2E D8 04 00 DF 60 20 00 00 00 00 00 8F 2B 08 01 00 13 00 00 00 01 00 01 00 00 00 00 00 00 00 00 00 00 00 0B 00 00 00 00 F3 DC 08 01 80 CD 08 01 00 00 00 00 00 FE FF FE 00 00 00 00 00 00 00 00 00 00 00 50 00 50 00 02 00 32 00 00 00 05 00 00 00 00 00 00 00 01 00 00 00 00 00 00 00 00 00 00 00 00 00 40 00 00 00 00 00 00 B2 00 00 00 00 00 00 00 00 00 00 00 00 00 00 00 00 00 00 00 00 00 00 00 00 00 00 00 00 00 00 00 00 00
08 0C 90 89 41 14 07 A1 41 16 9B CB 61 35 07 E7 A1 07 20 61 22 0D 0C C8 02 1F 92 22 C2 41 1A A4 82 00 00 00 00 00 00 00 00 00 00 00 00 00 00 00 00 00 00 00 00 2E D8 04 00 DF 60 20 00 00 00 00 00 8F 2B 08 01 00 13 00 00 00 01 00 01 00 00 00 00 00 00 00 00 00 00 00 0B 00 00 00 00 F3 DC 08 01 80 CD 08 01 00 00 00 00 00 FE FF FE 00 00 00 00 00 00 00 00 00 00 00 50 00 50 00 02 00 32 00 00 00 05 00 00 00 00 00 00 00 01 00 00 00 00 00 00 00 00 00 00 00 00 00 40 00 00 00 00 00 00 B2 00 00 00 00 00 00 00 00 00 00 00 00 00 00 00 00 00 00 00 00 00 00 00 00 00 00 00 00 00 00 00 00 00
07 0E 11 09 C1 18 88 62 21 36 08 A7 E1 09 A0 E0 82 0F 0D 48 42 19 1B 0C 62 22 12 A3 C2 00 00 00 00 00 00 00 00 00 00 00 00 00 00 00 00 00 00 00 00 00 00 00 00 2E D8 04 00 DF 60 20 00 00 00 00 00 8F 2B 08 01 00 13 00 00 00 01 00 01 00 00 00 00 00 00 00 00 00 00 00 0B 00 00 00 00 F3 DC 08 01 80 CD 08 01 00 00 00 00 00 FE FF FE 00 00 00 00 00 00 00 00 00 00 00 50 00 50 00 02 00 32 00 00 00 05 00 00 00 00 00 00 00 01 00 00 00 00 00 00 00 00 00 00 00 00 00 40 00 00 00 00 00 00 B2 00 00 00 00 00 00 00 00 00 00 00 00 00 00 00 00 00 00 00 00 00 00 00 00 00 00 00 00 00 00 00 00 00
07 12 13 89 21 1C 1E 8B 81 23 03 4B A1 3B 0A E7 81 13 8F 88 42 19 0A 9F C2 26 94 A3 22 00 00 00 00 00 00 00 00 00 00 00 00 00 00 00 00 00 00 00 00 00 00 00 00 2E D8 04 00 DF 60 20 00 00 00 00 00 8F 2B 08 01 00 13 00 00 00 01 00 01 00 00 00 00 00 00 00 00 00 00 00 0B 00 00 00 00 F3 DC 08 01 80 CD 08 01 00 00 00 00 00 FE FF FE 00 00 00 00 00 00 00 00 00 00 00 50 00 50 00 02 00 32 00 00 00 05 00 00 00 00 00 00 00 01 00 00 00 00 00 00 00 00 00 00 00 00 00 40 00 00 00 00 00 00 B2 00 00 00 00 00 00 00 00 00 00 00 00 00 00 00 00 00 00 00 00 00 00 00 00 00 00 00 00 00 00 00 00 00
07 15 12 C9 21 1D 9E 0A A1 1F 09 E1 C1 3E 09 E7 A1 10 22 60 C2 16 0F 07 E2 29 13 E2 A2 00 00 00 00 00 00 00 00 00 00 00 00 00 00 00 00 00 00 00 00 00 00 00 00 2E D8 04 00 DF 60 20 00 00 00 00 00 8F 2B 08 01 00 13 00 00 00 01 00 01 00 00 00 00 00 00 00 00 00 00 00 0B 00 00 00 00 F3 DC 08 01 80 CD 08 01 00 00 00 00 00 FE FF FE 00 00 00 00 00 00 00 00 00 00 00 50 00 50 00 02 00 32 00 00 00 05 00 00 00 00 00 00 00 01 00 00 00 00 00 00 00 00 00 00 00 00 00 40 00 00 00 00 00 00 B2 00 00 00 00 00 00 00 00 00 00 00 00 00 00 00 00 00 00 00 00 00 00 00 00 00 00 00 00 00 00 00 00 00
07 12 90 89 81 1B 07 E1 C1 1B 9C 4A A1 27 93 64 21 3B 88 27 A1 0D A0 A0 C2 14 8D 48 02 00 00 00 00 00 00 00 00 00 00 00 00 00 00 00 00 00 00 00 00 00 00 00 00 2E D8 04 00 DF 60 20 00 00 00 00 00 8F 2B 08 01 00 13 00 00 00 01 00 01 00 00 00 00 00 00 00 00 00 00 00 0B 00 00 00 00 F3 DC 08 01 80 CD 08 01 00 00 00 00 00 FE FF FE 00 00 00 00 00 00 00 00 00 00 00 50 00 50 00 02 00 32 00 00 00 05 00 00 00 00 00 00 00 01 00 00 00 00 00 00 00 00 00 00 00 00 00 40 00 00 00 00 00 00 B2 00 00 00 00 00 00 00 00 00 00 00 00 00 00 00 00 00 00 00 00 00 00 00 00 00 00 00 00 00 00 00 00 00
07 0D 93 49 21 16 09 E1 21 16 9E 4B 21 22 95 63 C1 35 8A A7 C1 0E 8F 47 E2 42 9C E4 C2 00 00 00 00 00 00 00 00 00 00 00 00 00 00 00 00 00 00 00 00 00 00 00 00 2E D8 04 00 DF 60 20 00 00 00 00 00 8F 2B 08 01 00 13 00 00 00 01 00 01 00 00 00 00 00 00 00 00 00 00 00 0B 00 00 00 00 F3 DC 08 01 80 CD 08 01 00 00 00 00 00 FE FF FE 00 00 00 00 00 00 00 00 00 00 00 50 00 50 00 02 00 32 00 00 00 05 00 00 00 00 00 00 00 01 00 00 00 00 00 00 00 00 00 00 00 00 00 40 00 00 00 00 00 00 B2 00 00 00 00 00 00 00 00 00 00 00 00 00 00 00 00 00 00 00 00 00 00 00 00 00 00 00 00 00 00 00 00 00
06 18 15 49 21 21 20 8B 01 41 0B E7 A1 19 11 47 E2 1E 8C A0 42 2B 96 A3 62 00 00 00 00 00 00 00 00 00 00 00 00 00 00 00 00 00 00 00 00 00 00 00 00 00 00 00 00 2E D8 04 00 DF 60 20 00 00 00 00 00 8F 2B 08 01 00 13 00 00 00 01 00 01 00 00 00 00 00 00 00 00 00 00 00 0B 00 00 00 00 F3 DC 08 01 80 CD 08 01 00 00 00 00 00 FE FF FE 00 00 00 00 00 00 00 00 00 00 00 50 00 50 00 02 00 32 00 00 00 05 00 00 00 00 00 00 00 01 00 00 00 00 00 00 00 00 00 00 00 00 00 40 00 00 00 00 00 00 B2 00 00 00 00 00 00 00 00 00 00 00 00 00 00 00 00 00 00 00 00 00 00 00 00 00 00 00 00 00 00 00 00 00
07 11 92 89 C1 1A 9D CB 21 27 14 E3 81 3A 89 A7 A1 0D 22 20 82 13 8F 07 E2 1A 8A A1 E2 00 00 00 00 00 00 00 00 00 00 00 00 00 00 00 00 00 00 00 00 00 00 00 00 2E D8 04 00 DF 60 20 00 00 00 00 00 8F 2B 08 01 00 13 00 00 00 01 00 01 00 00 00 00 00 00 00 00 00 00 00 0B 00 00 00 00 F3 DC 08 01 80 CD 08 01 00 00 00 00 00 FE FF FE 00 00 00 00 00 00 00 00 00 00 00 50 00 50 00 02 00 32 00 00 00 05 00 00 00 00 00 00 00 01 00 00 00 00 00 00 00 00 00 00 00 00 00 40 00 00 00 00 00 00 B2 00 00 00 00 00 00 00 00 00 00 00 00 00 00 00 00 00 00 00 00 00 00 00 00 00 00 00 00 00 00 00 00 00
09 1B 8F C9 A1 25 86 E2 A1 26 9A CB 81 2B 22 4C 21 31 91 A3 C1 3B A2 CD E1 44 06 A7 E1 17 9F E1 A2 1D 8C 08 22 00 00 00 00 00 00 00 00 00 00 00 00 00 00 00 00 2E D8 04 00 DF 60 20 00 00 00 00 00 8F 2B 08 01 00 13 00 00 00 01 00 01 00 00 00 00 00 00 00 00 00 00 00 0B 00 00 00 00 F3 DC 08 01 80 CD 08 01 00 00 00 00 00 FE FF FE 00 00 00 00 00 00 00 00 00 00 00 50 00 50 00 02 00 32 00 00 00 05 00 00 00 00 00 00 00 01 00 00 00 00 00 00 00 00 00 00 00 00 00 40 00 00 00 00 00 00 B2 00 00 00 00 00 00 00 00 00 00 00 00 00 00 00 00 00 00 00 00 00 00 00 00 00 00 00 00 00 00 00 00 00
07 09 90 48 81 0F 1B CA 81 16 88 20 C1 34 0A 67 01 3C 9E 24 81 0B 8C 86 C2 1C 12 E1 A2 00 00 00 00 00 00 00 00 00 00 00 00 00 00 00 00 00 00 00 00 00 00 00 00 2E D8 04 00 DF 60 20 00 00 00 00 00 8F 2B 08 01 00 13 00 00 00 01 00 01 00 00 00 00 00 00 00 00 00 00 00 0B 00 00 00 00 F3 DC 08 01 80 CD 08 01 00 00 00 00 00 FE FF FE 00 00 00 00 00 00 00 00 00 00 00 50 00 50 00 02 00 32 00 00 00 05 00 00 00 00 00 00 00 01 00 00 00 00 00 00 00 00 00 00 00 00 00 40 00 00 00 00 00 00 B2 00 00 00 00 00 00 00 00 00 00 00 00 00 00 00 00 00 00 00 00 00 00 00 00 00 00 00 00 00 00 00 00 00
05 14 9C 08 C1 3E 94 E7 21 07 84 2C 42 16 98 47 02 27 9E 62 02 00 00 00 00 00 00 00 00 00 00 00 00 00 00 00 00 00 00 00 00 00 00 00 00 00 00 00 00 00 00 00 00 2E D8 04 00 DF 60 20 00 00 00 00 00 8F 2B 08 01 00 13 00 00 00 01 00 01 00 00 00 00 00 00 00 00 00 00 00 0B 00 00 00 00 F3 DC 08 01 80 CD 08 01 00 00 00 00 00 FE FF FE 00 00 00 00 00 00 00 00 00 00 00 50 00 50 00 02 00 32 00 00 00 05 00 00 00 00 00 00 00 01 00 00 00 00 00 00 00 00 00 00 00 00 00 40 00 00 00 00 00 00 B2 00 00 00 00 00 00 00 00 00 00 00 00 00 00 00 00 00 00 00 00 00 00 00 00 00 00 00 00 00 00 00 00 00
08 14 0C 09 21 1B 97 4B 01 28 0E A3 81 32 A0 0D 81 3D 83 E7 01 0E 9B E1 02 16 08 47 E2 1E 84 22 A2 00 00 00 00 00 00 00 00 00 00 00 00 00 00 00 00 00 00 00 00 2E D8 04 00 DF 60 20 00 00 00 00 00 8F 2B 08 01 00 13 00 00 00 01 00 01 00 00 00 00 00 00 00 00 00 00 00 0B 00 00 00 00 F3 DC 08 01 80 CD 08 01 00 00 00 00 00 FE FF FE 00 00 00 00 00 00 00 00 00 00 00 50 00 50 00 02 00 32 00 00 00 05 00 00 00 00 00 00 00 01 00 00 00 00 00 00 00 00 00 00 00 00 00 40 00 00 00 00 00 00 B2 00 00 00 00 00 00 00 00 00 00 00 00 00 00 00 00 00 00 00 00 00 00 00 00 00 00 00 00 00 00 00 00 00
0A 07 0C 89 41 13 9F CB E1 24 A1 0D 81 30 84 E6 41 0A 09 07 C2 0F 03 DF A2 11 17 0B C2 12 22 63 22 1A 8E 62 E2 3B 98 24 22 00 00 00 00 00 00 00 00 00 00 00 00 2E D8 04 00 DF 60 20 00 00 00 00 00 8F 2B 08 01 00 13 00 00 00 01 00 01 00 00 00 00 00 00 00 00 00 00 00 0B 00 00 00 00 F3 DC 08 01 80 CD 08 01 00 00 00 00 00 FE FF FE 00 00 00 00 00 00 00 00 00 00 00 50 00 50 00 02 00 32 00 00 00 05 00 00 00 00 00 00 00 01 00 00 00 00 00 00 00 00 00 00 00 00 00 40 00 00 00 00 00 00 B2 00 00 00 00 00 00 00 00 00 00 00 00 00 00 00 00 00 00 00 00 00 00 00 00 00 00 00 00 00 00 00 00 00
09 0E 0E C9 01 15 1A 8A A1 19 A2 0B A1 37 86 A6 C1 06 9E 60 82 0E 8A C7 82 13 85 DF A2 21 10 A2 E2 41 1A A4 62 00 00 00 00 00 00 00 00 00 00 00 00 00 00 00 00 2E D8 04 00 DF 60 20 00 00 00 00 00 8F 2B 08 01 00 13 00 00 00 01 00 01 00 00 00 00 00 00 00 00 00 00 00 0B 00 00 00 00 F3 DC 08 01 80 CD 08 01 00 00 00 00 00 FE FF FE 00 00 00 00 00 00 00 00 00 00 00 50 00 50 00 02 00 32 00 00 00 05 00 00 00 00 00 00 00 01 00 00 00 00 00 00 00 00 00 00 00 00 00 40 00 00 00 00 00 00 B2 00 00 00 00 00 00 00 00 00 00 00 00 00 00 00 00 00 00 00 00 00 00 00 00 00 00 00 00 00 00 00 00 00
0A 11 0C 09 C1 1A 97 4B 21 21 1E 8D 01 26 0D E3 E1 31 1F 8D E1 39 82 A6 A1 0D 1C 21 22 12 88 08 A2 19 83 A2 42 1E 21 A3 E2 00 00 00 00 00 00 00 00 00 00 00 00 2E D8 04 00 DF 60 20 00 00 00 00 00 8F 2B 08 01 00 13 00 00 00 01 00 01 00 00 00 00 00 00 00 00 00 00 00 0B 00 00 00 00 F3 DC 08 01 80 CD 08 01 00 00 00 00 00 FE FF FE 00 00 00 00 00 00 00 00 00 00 00 50 00 50 00 02 00 32 00 00 00 05 00 00 00 00 00 00 00 01 00 00 00 00 00 00 00 00 00 00 00 00 00 40 00 00 00 00 00 00 B2 00 00 00 00 00 00 00 00 00 00 00 00 00 00 00 00 00 00 00 00 00 00 00 00 00 00 00 00 00 00 00 00 00
09 0E 0E C9 C1 1D A1 8C 61 2E A2 4D 81 36 85 A7 A1 09 9E E1 22 0F 8B 07 E2 15 06 60 A2 1A 18 CC A2 21 90 23 02 00 00 00 00 00 00 00 00 00 00 00 00 00 00 00 00 2E D8 04 00 DF 60 20 00 00 00 00 00 8F 2B 08 01 00 13 00 00 00 01 00 01 00 00 00 00 00 00 00 00 00 00 00 0B 00 00 00 00 F3 DC 08 01 80 CD 08 01 00 00 00 00 00 FE FF FE 00 00 00 00 00 00 00 00 00 00 00 50 00 50 00 02 00 32 00 00 00 05 00 00 00 00 00 00 00 01 00 00 00 00 00 00 00 00 00 00 00 00 00 40 00 00 00 00 00 00 B2 00 00 00 00 00 00 00 00 00 00 00 00 00 00 00 00 00 00 00 00 00 00 00 00 00 00 00 00 00 00 00 00 00
07 0F 14 48 E1 19 1F 8B 41 37 0A 67 A1 11 90 87 E2 18 0B A1 22 22 15 63 C2 43 1D E5 42 00 00 00 00 00 00 00 00 00 00 00 00 00 00 00 00 00 00 00 00 00 00 00 00 2E D8 04 00 DF 60 20 00 00 00 00 00 8F 2B 08 01 00 13 00 00 00 01 00 01 00 00 00 00 00 00 00 00 00 00 00 0B 00 00 00 00 F3 DC 08 01 80 CD 08 01 00 00 00 00 00 FE FF FE 00 00 00 00 00 00 00 00 00 00 00 50 00 50 00 02 00 32 00 00 00 05 00 00 00 00 00 00 00 01 00 00 00 00 00 00 00 00 00 00 00 00 00 40 00 00 00 00 00 00 B2 00 00 00 00 00 00 00 00 00 00 00 00 00 00 00 00 00 00 00 00 00 00 00 00 00 00 00 00 00 00 00 00 00
09 10 86 48 E1 13 22 CB 61 1A 11 8B 21 1D 19 4B C1 24 89 23 C1 2E 1A 8D 41 0B 15 E0 42 13 82 88 42 1A 9B E3 82 00 00 00 00 00 00 00 00 00 00 00 00 00 00 00 00 2E D8 04 00 DF 60 20 00 00 00 00 00 8F 2B 08 01 00 13 00 00 00 01 00 01 00 00 00 00 00 00 00 00 00 00 00 0B 00 00 00 00 F3 DC 08 01 80 CD 08 01 00 00 00 00 00 FE FF FE 00 00 00 00 00 00 00 00 00 00 00 50 00 50 00 02 00 32 00 00 00 05 00 00 00 00 00 00 00 01 00 00 00 00 00 00 00 00 00 00 00 00 00 40 00 00 00 00 00 00 B2 00 00 00 00 00 00 00 00 00 00 00 00 00 00 00 00 00 00 00 00 00 00 00 00 00 00 00 00 00 00 00 00 00
0A 0B 0D 09 A1 13 98 8B 21 17 A0 0C 61 26 A1 0D C1 32 84 67 61 0B 89 47 62 13 84 A0 C2 13 A2 E3 22 1D 0E A3 42 3C 18 24 A2 00 00 00 00 00 00 00 00 00 00 00 00 2E D8 04 00 DF 60 20 00 00 00 00 00 8F 2B 08 01 00 13 00 00 00 01 00 01 00 00 00 00 00 00 00 00 00 00 00 0B 00 00 00 00 F3 DC 08 01 80 CD 08 01 00 00 00 00 00 FE FF FE 00 00 00 00 00 00 00 00 00 00 00 50 00 50 00 02 00 32 00 00 00 05 00 00 00 00 00 00 00 01 00 00 00 00 00 00 00 00 00 00 00 00 00 40 00 00 00 00 00 00 B2 00 00 00 00 00 00 00 00 00 00 00 00 00 00 00 00 00 00 00 00 00 00 00 00 00 00 00 00 00 00 00 00 00
07 0B 11 09 C1 13 9C 8B 21 33 88 27 A1 0B 8D 47 82 13 08 A0 C2 1E 12 63 22 3E 9B 64 A2 00 00 00 00 00 00 00 00 00 00 00 00 00 00 00 00 00 00 00 00 00 00 00 00 2E D8 04 00 DF 60 20 00 00 00 00 00 8F 2B 08 01 00 13 00 00 00 01 00 01 00 00 00 00 00 00 00 00 00 00 00 0B 00 00 00 00 F3 DC 08 01 80 CD 08 01 00 00 00 00 00 FE FF FE 00 00 00 00 00 00 00 00 00 00 00 50 00 50 00 02 00 32 00 00 00 05 00 00 00 00 00 00 00 01 00 00 00 00 00 00 00 00 00 00 00 00 00 40 00 00 00 00 00 00 B2 00 00 00 00 00 00 00 00 00 00 00 00 00 00 00 00 00 00 00 00 00 00 00 00 00 00 00 00 00 00 00 00 00
0A 0B 8E C8 C1 15 9A 0B 41 1A A1 4C 21 2B A2 4D 41 35 05 67 C1 07 1E 60 C2 0D 8A C8 22 13 86 20 82 20 10 23 82 41 18 A5 22 00 00 00 00 00 00 00 00 00 00 00 00 2E D8 04 00 DF 60 20 00 00 00 00 00 8F 2B 08 01 00 13 00 00 00 01 00 01 00 00 00 00 00 00 00 00 00 00 00 0B 00 00 00 00 F3 DC 08 01 80 CD 08 01 00 00 00 00 00 FE FF FE 00 00 00 00 00 00 00 00 00 00 00 50 00 50 00 02 00 32 00 00 00 05 00 00 00 00 00 00 00 01 00 00 00 00 00 00 00 00 00 00 00 00 00 40 00 00 00 00 00 00 B2 00 00 00 00 00 00 00 00 00 00 00 00 00 00 00 00 00 00 00 00 00 00 00 00 00 00 00 00 00 00 00 00 00
08 11 8F 49 41 1A 9A CA 81 1C 06 21 E1 21 21 CC 81 31 A2 CD 41 3A 06 A7 81 0D 9F 61 C2 13 8B 87 E2 00 00 00 00 00 00 00 00 00 00 00 00 00 00 00 00 00 00 00 00 2E D8 04 00 DF 60 20 00 00 00 00 00 8F 2B 08 01 00 13 00 00 00 01 00 01 00 00 00 00 00 00 00 00 00 00 00 0B 00 00 00 00 F3 DC 08 01 80 CD 08 01 00 00 00 00 00 FE FF FE 00 00 00 00 00 00 00 00 00 00 00 50 00 50 00 02 00 32 00 00 00 05 00 00 00 00 00 00 00 01 00 00 00 00 00 00 00 00 00 00 00 00 00 40 00 00 00 00 00 00 B2 00 00 00 00 00 00 00 00 00 00 00 00 00 00 00 00 00 00 00 00 00 00 00 00 00 00 00 00 00 00 00 00 00
08 0C 21 62 A1 0D 92 09 01 17 1D 4B 41 35 88 E7 61 0E 0D C8 22 15 09 20 82 21 13 23 82 42 1B E5 02 00 00 00 00 00 00 00 00 00 00 00 00 00 00 00 00 00 00 00 00 2E D8 04 00 DF 60 20 00 00 00 00 00 8F 2B 08 01 00 13 00 00 00 01 00 01 00 00 00 00 00 00 00 00 00 00 00 0B 00 00 00 00 F3 DC 08 01 80 CD 08 01 00 00 00 00 00 FE FF FE 00 00 00 00 00 00 00 00 00 00 00 50 00 50 00 02 00 32 00 00 00 05 00 00 00 00 00 00 00 01 00 00 00 00 00 00 00 00 00 00 00 00 00 40 00 00 00 00 00 00 B2 00 00 00 00 00 00 00 00 00 00 00 00 00 00 00 00 00 00 00 00 00 00 00 00 00 00 00 00 00 00 00 00 00
09 12 8D C9 41 1B 19 0B 21 20 A0 8C 21 31 A1 4D 41 3A 85 27 81 0D 1D A1 42 13 8A 07 E2 1A 85 A1 42 25 8F 23 22 00 00 00 00 00 00 00 00 00 00 00 00 00 00 00 00 2E D8 04 00 DF 60 20 00 00 00 00 00 8F 2B 08 01 00 13 00 00 00 01 00 01 00 00 00 00 00 00 00 00 00 00 00 0B 00 00 00 00 F3 DC 08 01 80 CD 08 01 00 00 00 00 00 FE FF FE 00 00 00 00 00 00 00 00 00 00 00 50 00 50 00 02 00 32 00 00 00 05 00 00 00 00 00 00 00 01 00 00 00 00 00 00 00 00 00 00 00 00 00 40 00 00 00 00 00 00 B2 00 00 00 00 00 00 00 00 00 00 00 00 00 00 00 00 00 00 00 00 00 00 00 00 00 00 00 00 00 00 00 00 00
07 13 91 49 21 1E 9C CB 41 29 13 E4 41 3C 08 E7 A1 0E A1 20 E2 15 8D 88 02 1A 88 E1 22 00 00 00 00 00 00 00 00 00 00 00 00 00 00 00 00 00 00 00 00 00 00 00 00 2E D8 04 00 DF 60 20 00 00 00 00 00 8F 2B 08 01 00 13 00 00 00 01 00 01 00 00 00 00 00 00 00 00 00 00 00 0B 00 00 00 00 F3 DC 08 01 80 CD 08 01 00 00 00 00 00 FE FF FE 00 00 00 00 00 00 00 00 00 00 00 50 00 50 00 02 00 32 00 00 00 05 00 00 00 00 00 00 00 01 00 00 00 00 00 00 00 00 00 00 00 00 00 40 00 00 00 00 00 00 B2 00 00 00 00 00 00 00 00 00 00 00 00 00 00 00 00 00 00 00 00 00 00 00 00 00 00 00 00 00 00 00 00 00
07 13 91 09 61 1C 9C 4B C1 3B 08 67 21 0D A1 20 A2 14 8D 48 42 1B 08 A0 E2 26 92 63 82 00 00 00 00 00 00 00 00 00 00 00 00 00 00 00 00 00 00 00 00 00 00 00 00 2E D8 04 00 DF 60 20 00 00 00 00 00 8F 2B 08 01 00 13 00 00 00 01 00 01 00 00 00 00 00 00 00 00 00 00 00 0B 00 00 00 00 F3 DC 08 01 80 CD 08 01 00 00 00 00 00 FE FF FE 00 00 00 00 00 00 00 00 00 00 00 50 00 50 00 02 00 32 00 00 00 05 00 00 00 00 00 00 00 01 00 00 00 00 00 00 00 00 00 00 00 00 00 40 00 00 00 00 00 00 B2 00 00 00 00 00 00 00 00 00 00 00 00 00 00 00 00 00 00 00 00 00 00 00 00 00 00 00 00 00 00 00 00 00
09 13 8D C9 61 1C 99 0B C1 21 20 CC 41 32 A1 8D 81 3C 85 27 21 0E 9D E0 A2 15 8A 08 42 1C 05 60 82 27 8F 63 82 00 00 00 00 00 00 00 00 00 00 00 00 00 00 00 00 2E D8 04 00 DF 60 20 00 00 00 00 00 8F 2B 08 01 00 13 00 00 00 01 00 01 00 00 00 00 00 00 00 00 00 00 00 0B 00 00 00 00 F3 DC 08 01 80 CD 08 01 00 00 00 00 00 FE FF FE 00 00 00 00 00 00 00 00 00 00 00 50 00 50 00 02 00 32 00 00 00 05 00 00 00 00 00 00 00 01 00 00 00 00 00 00 00 00 00 00 00 00 00 40 00 00 00 00 00 00 B2 00 00 00 00 00 00 00 00 00 00 00 00 00 00 00 00 00 00 00 00 00 00 00 00 00 00 00 00 00 00 00 00 00
08 0C 10 C9 61 15 1C 4B 81 16 87 E2 01 35 08 27 21 06 A0 E0 82 0E 0D 47 C2 1F 92 63 22 40 1B E5 02 00 00 00 00 00 00 00 00 00 00 00 00 00 00 00 00 00 00 00 00 2E D8 04 00 DF 60 20 00 00 00 00 00 8F 2B 08 01 00 13 00 00 00 01 00 01 00 00 00 00 00 00 00 00 00 00 00 0B 00 00 00 00 F3 DC 08 01 80 CD 08 01 00 00 00 00 00 FE FF FE 00 00 00 00 00 00 00 00 00 00 00 50 00 50 00 02 00 32 00 00 00 05 00 00 00 00 00 00 00 01 00 00 00 00 00 00 00 00 00 00 00 00 00 40 00 00 00 00 00 00 B2 00 00 00 00 00 00 00 00 00 00 00 00 00 00 00 00 00 00 00 00 00 00 00 00 00 00 00 00 00 00 00 00 00
08 07 92 8A 01 0F 9D CB 21 11 09 A1 41 1C 14 E3 21 30 0A 27 A1 08 0E C7 62 3B 9D 65 02 43 89 A8 E2 00 00 00 00 00 00 00 00 00 00 00 00 00 00 00 00 00 00 00 00 2E D8 04 00 DF 60 20 00 00 00 00 00 8F 2B 08 01 00 13 00 00 00 01 00 01 00 00 00 00 00 00 00 00 00 00 00 0B 00 00 00 00 F3 DC 08 01 80 CD 08 01 00 00 00 00 00 FE FF FE 00 00 00 00 00 00 00 00 00 00 00 50 00 50 00 02 00 32 00 00 00 05 00 00 00 00 00 00 00 01 00 00 00 00 00 00 00 00 00 00 00 00 00 40 00 00 00 00 00 00 B2 00 00 00 00 00 00 00 00 00 00 00 00 00 00 00 00 00 00 00 00 00 00 00 00 00 00 00 00 00 00 00 00 00
09 18 9A 0A A1 1D A1 0C A1 2E A2 4D 41 39 06 A7 01 0B 1E 61 22 12 0A C7 E2 12 8D 8A 82 1A 06 A2 62 24 10 23 22 00 00 00 00 00 00 00 00 00 00 00 00 00 00 00 00 2E D8 04 00 DF 60 20 00 00 00 00 00 8F 2B 08 01 00 13 00 00 00 01 00 01 00 00 00 00 00 00 00 00 00 00 00 0B 00 00 00 00 F3 DC 08 01 80 CD 08 01 00 00 00 00 00 FE FF FE 00 00 00 00 00 00 00 00 00 00 00 50 00 50 00 02 00 32 00 00 00 05 00 00 00 00 00 00 00 01 00 00 00 00 00 00 00 00 00 00 00 00 00 40 00 00 00 00 00 00 B2 00 00 00 00 00 00 00 00 00 00 00 00 00 00 00 00 00 00 00 00 00 00 00 00 00 00 00 00 00 00 00 00 00
07 0A 92 89 21 13 1E 4A C1 1A 16 62 A1 34 8B 67 01 0D 0F 07 A2 12 8A 1F C2 3F 1E A4 E2 00 00 00 00 00 00 00 00 00 00 00 00 00 00 00 00 00 00 00 00 00 00 00 00 2E D8 04 00 DF 60 20 00 00 00 00 00 8F 2B 08 01 00 13 00 00 00 01 00 01 00 00 00 00 00 00 00 00 00 00 00 0B 00 00 00 00 F3 DC 08 01 80 CD 08 01 00 00 00 00 00 FE FF FE 00 00 00 00 00 00 00 00 00 00 00 50 00 50 00 02 00 32 00 00 00 05 00 00 00 00 00 00 00 01 00 00 00 00 00 00 00 00 00 00 00 00 00 40 00 00 00 00 00 00 B2 00 00 00 00 00 00 00 00 00 00 00 00 00 00 00 00 00 00 00 00 00 00 00 00 00 00 00 00 00 00 00 00 00
