06 12 22 CC 61 14 9C 62 E1 1E 9D 0C A1 1A 8B E0 E2 22 11 0D 42 2B 15 8E 82 00 00 00 00 00 00 00 00 00 00 00 00 00 00 00 00 00 00 00 00 00 00 00 00 00 00 00 00 2E D8 04 00 DF 60 20 00 00 00 00 00 8F 2B 08 01 00 13 00 00 00 01 00 01 00 00 00 00 00 00 00 00 00 00 00 0B 00 00 00 00 F3 DC 08 01 80 CD 08 01 00 00 00 00 00 FE FF FE 00 00 00 00 00 00 00 00 00 00 00 50 00 50 00 02 00 32 00 00 00 05 00 00 00 00 00 00 00 01 00 00 00 00 00 00 00 00 00 00 00 00 00 40 00 00 00 00 00 00 B2 00 00 00 00 00 00 00 00 00 00 00 00 00 00 00 00 00 00 00 00 00 00 00 00 00 00 00 00 00 00 00 00 00
06 2B 05 4E 21 42 90 8E 21 0A 21 61 C2 13 92 61 22 1C 17 CC 22 25 9C 0E 22 00 00 00 00 00 00 00 00 00 00 00 00 00 00 00 00 00 00 00 00 00 00 00 00 00 00 00 00 2E D8 04 00 DF 60 20 00 00 00 00 00 8F 2B 08 01 00 13 00 00 00 01 00 01 00 00 00 00 00 00 00 00 00 00 00 0B 00 00 00 00 F3 DC 08 01 80 CD 08 01 00 00 00 00 00 FE FF FE 00 00 00 00 00 00 00 00 00 00 00 50 00 50 00 02 00 32 00 00 00 05 00 00 00 00 00 00 00 01 00 00 00 00 00 00 00 00 00 00 00 00 00 40 00 00 00 00 00 00 B2 00 00 00 00 00 00 00 00 00 00 00 00 00 00 00 00 00 00 00 00 00 00 00 00 00 00 00 00 00 00 00 00 00
08 0F A0 E3 01 15 91 A2 A1 19 21 0D 61 1C 14 CC 21 08 03 A2 A2 12 83 CA 02 27 99 CE 42 2D 83 4E 22 00 00 00 00 00 00 00 00 00 00 00 00 00 00 00 00 00 00 00 00 2E D8 04 00 DF 60 20 00 00 00 00 00 8F 2B 08 01 00 13 00 00 00 01 00 01 00 00 00 00 00 00 00 00 00 00 00 0B 00 00 00 00 F3 DC 08 01 80 CD 08 01 00 00 00 00 00 FE FF FE 00 00 00 00 00 00 00 00 00 00 00 50 00 50 00 02 00 32 00 00 00 05 00 00 00 00 00 00 00 01 00 00 00 00 00 00 00 00 00 00 00 00 00 40 00 00 00 00 00 00 B2 00 00 00 00 00 00 00 00 00 00 00 00 00 00 00 00 00 00 00 00 00 00 00 00 00 00 00 00 00 00 00 00 00
09 09 83 A1 81 15 A1 63 21 1A 12 23 21 1E A1 CD A1 43 8C CF 61 13 04 8A 62 21 16 0C E2 2A 99 CF 82 2E 83 4E 82 00 00 00 00 00 00 00 00 00 00 00 00 00 00 00 00 2E D8 04 00 DF 60 20 00 00 00 00 00 8F 2B 08 01 00 13 00 00 00 01 00 01 00 00 00 00 00 00 00 00 00 00 00 0B 00 00 00 00 F3 DC 08 01 80 CD 08 01 00 00 00 00 00 FE FF FE 00 00 00 00 00 00 00 00 00 00 00 50 00 50 00 02 00 32 00 00 00 05 00 00 00 00 00 00 00 01 00 00 00 00 00 00 00 00 00 00 00 00 00 40 00 00 00 00 00 00 B2 00 00 00 00 00 00 00 00 00 00 00 00 00 00 00 00 00 00 00 00 00 00 00 00 00 00 00 00 00 00 00 00 00
07 14 07 CB 81 1A 96 63 01 2D 87 4E C1 44 11 4F 01 0A 09 22 02 21 9A 4D 02 2A 1D CF 02 00 00 00 00 00 00 00 00 00 00 00 00 00 00 00 00 00 00 00 00 00 00 00 00 2E D8 04 00 DF 60 20 00 00 00 00 00 8F 2B 08 01 00 13 00 00 00 01 00 01 00 00 00 00 00 00 00 00 00 00 00 0B 00 00 00 00 F3 DC 08 01 80 CD 08 01 00 00 00 00 00 FE FF FE 00 00 00 00 00 00 00 00 00 00 00 50 00 50 00 02 00 32 00 00 00 05 00 00 00 00 00 00 00 01 00 00 00 00 00 00 00 00 00 00 00 00 00 40 00 00 00 00 00 00 B2 00 00 00 00 00 00 00 00 00 00 00 00 00 00 00 00 00 00 00 00 00 00 00 00 00 00 00 00 00 00 00 00 00
09 08 99 49 E1 16 20 A2 E1 1D 11 A2 E1 1F A1 0D 81 22 94 CC 21 31 03 4D E1 0E 04 A2 A2 17 84 8A A2 2E 19 4E A2 00 00 00 00 00 00 00 00 00 00 00 00 00 00 00 00 2E D8 04 00 DF 60 20 00 00 00 00 00 8F 2B 08 01 00 13 00 00 00 01 00 01 00 00 00 00 00 00 00 00 00 00 00 0B 00 00 00 00 F3 DC 08 01 80 CD 08 01 00 00 00 00 00 FE FF FE 00 00 00 00 00 00 00 00 00 00 00 50 00 50 00 02 00 32 00 00 00 05 00 00 00 00 00 00 00 01 00 00 00 00 00 00 00 00 00 00 00 00 00 40 00 00 00 00 00 00 B2 00 00 00 00 00 00 00 00 00 00 00 00 00 00 00 00 00 00 00 00 00 00 00 00 00 00 00 00 00 00 00 00 00
05 11 A0 A3 61 18 11 23 01 1B A0 CD 81 20 95 0C E2 29 18 CF 42 00 00 00 00 00 00 00 00 00 00 00 00 00 00 00 00 00 00 00 00 00 00 00 00 00 00 00 00 00 00 00 00 2E D8 04 00 DF 60 20 00 00 00 00 00 8F 2B 08 01 00 13 00 00 00 01 00 01 00 00 00 00 00 00 00 00 00 00 00 0B 00 00 00 00 F3 DC 08 01 80 CD 08 01 00 00 00 00 00 FE FF FE 00 00 00 00 00 00 00 00 00 00 00 50 00 50 00 02 00 32 00 00 00 05 00 00 00 00 00 00 00 01 00 00 00 00 00 00 00 00 00 00 00 00 00 40 00 00 00 00 00 00 B2 00 00 00 00 00 00 00 00 00 00 00 00 00 00 00 00 00 00 00 00 00 00 00 00 00 00 00 00 00 00 00 00 00
06 0C 95 CB 41 1A 9C E3 41 21 0D 63 81 25 9C CE 01 29 91 0D 42 32 95 0F 02 00 00 00 00 00 00 00 00 00 00 00 00 00 00 00 00 00 00 00 00 00 00 00 00 00 00 00 00 2E D8 04 00 DF 60 20 00 00 00 00 00 8F 2B 08 01 00 13 00 00 00 01 00 01 00 00 00 00 00 00 00 00 00 00 00 0B 00 00 00 00 F3 DC 08 01 80 CD 08 01 00 00 00 00 00 FE FF FE 00 00 00 00 00 00 00 00 00 00 00 50 00 50 00 02 00 32 00 00 00 05 00 00 00 00 00 00 00 01 00 00 00 00 00 00 00 00 00 00 00 00 00 40 00 00 00 00 00 00 B2 00 00 00 00 00 00 00 00 00 00 00 00 00 00 00 00 00 00 00 00 00 00 00 00 00 00 00 00 00 00 00 00 00
08 1F 9D 0D E1 21 10 8C A1 2F 9B A3 C1 13 9E E5 82 16 8C E2 82 2C 95 0F 42 37 1A CE 82 42 14 E4 C2 00 00 00 00 00 00 00 00 00 00 00 00 00 00 00 00 00 00 00 00 2E D8 04 00 DF 60 20 00 00 00 00 00 8F 2B 08 01 00 13 00 00 00 01 00 01 00 00 00 00 00 00 00 00 00 00 00 0B 00 00 00 00 F3 DC 08 01 80 CD 08 01 00 00 00 00 00 FE FF FE 00 00 00 00 00 00 00 00 00 00 00 50 00 50 00 02 00 32 00 00 00 05 00 00 00 00 00 00 00 01 00 00 00 00 00 00 00 00 00 00 00 00 00 40 00 00 00 00 00 00 B2 00 00 00 00 00 00 00 00 00 00 00 00 00 00 00 00 00 00 00 00 00 00 00 00 00 00 00 00 00 00 00 00 00
06 0B 9F 23 41 12 0F E3 81 17 1F 0D A1 3D 0A 4F 21 1A 13 CD 02 23 97 4E E2 00 00 00 00 00 00 00 00 00 00 00 00 00 00 00 00 00 00 00 00 00 00 00 00 00 00 00 00 2E D8 04 00 DF 60 20 00 00 00 00 00 8F 2B 08 01 00 13 00 00 00 01 00 01 00 00 00 00 00 00 00 00 00 00 00 0B 00 00 00 00 F3 DC 08 01 80 CD 08 01 00 00 00 00 00 FE FF FE 00 00 00 00 00 00 00 00 00 00 00 50 00 50 00 02 00 32 00 00 00 05 00 00 00 00 00 00 00 01 00 00 00 00 00 00 00 00 00 00 00 00 00 40 00 00 00 00 00 00 B2 00 00 00 00 00 00 00 00 00 00 00 00 00 00 00 00 00 00 00 00 00 00 00 00 00 00 00 00 00 00 00 00 00
05 13 9C E3 21 19 8D A3 41 1E 1C CE 21 21 11 8C A2 2A 95 4E E2 00 00 00 00 00 00 00 00 00 00 00 00 00 00 00 00 00 00 00 00 00 00 00 00 00 00 00 00 00 00 00 00 2E D8 04 00 DF 60 20 00 00 00 00 00 8F 2B 08 01 00 13 00 00 00 01 00 01 00 00 00 00 00 00 00 00 00 00 00 0B 00 00 00 00 F3 DC 08 01 80 CD 08 01 00 00 00 00 00 FE FF FE 00 00 00 00 00 00 00 00 00 00 00 50 00 50 00 02 00 32 00 00 00 05 00 00 00 00 00 00 00 01 00 00 00 00 00 00 00 00 00 00 00 00 00 40 00 00 00 00 00 00 B2 00 00 00 00 00 00 00 00 00 00 00 00 00 00 00 00 00 00 00 00 00 00 00 00 00 00 00 00 00 00 00 00 00
05 14 9E 63 21 1C 0F 62 E1 20 9E 8D 21 24 13 4C 62 2D 97 4E 82 00 00 00 00 00 00 00 00 00 00 00 00 00 00 00 00 00 00 00 00 00 00 00 00 00 00 00 00 00 00 00 00 2E D8 04 00 DF 60 20 00 00 00 00 00 8F 2B 08 01 00 13 00 00 00 01 00 01 00 00 00 00 00 00 00 00 00 00 00 0B 00 00 00 00 F3 DC 08 01 80 CD 08 01 00 00 00 00 00 FE FF FE 00 00 00 00 00 00 00 00 00 00 00 50 00 50 00 02 00 32 00 00 00 05 00 00 00 00 00 00 00 01 00 00 00 00 00 00 00 00 00 00 00 00 00 40 00 00 00 00 00 00 B2 00 00 00 00 00 00 00 00 00 00 00 00 00 00 00 00 00 00 00 00 00 00 00 00 00 00 00 00 00 00 00 00 00
08 0C A0 23 81 0D 02 4B C1 13 90 A2 A1 17 20 0D C1 28 02 4D C1 40 0C 8E 61 1C 14 8C E2 24 98 8E 82 00 00 00 00 00 00 00 00 00 00 00 00 00 00 00 00 00 00 00 00 2E D8 04 00 DF 60 20 00 00 00 00 00 8F 2B 08 01 00 13 00 00 00 01 00 01 00 00 00 00 00 00 00 00 00 00 00 0B 00 00 00 00 F3 DC 08 01 80 CD 08 01 00 00 00 00 00 FE FF FE 00 00 00 00 00 00 00 00 00 00 00 50 00 50 00 02 00 32 00 00 00 05 00 00 00 00 00 00 00 01 00 00 00 00 00 00 00 00 00 00 00 00 00 40 00 00 00 00 00 00 B2 00 00 00 00 00 00 00 00 00 00 00 00 00 00 00 00 00 00 00 00 00 00 00 00 00 00 00 00 00 00 00 00 00
09 10 01 4B A1 11 1E E3 A1 17 0F E3 21 1B 9F 0D 01 2B 01 4D E1 44 0B 0E 81 08 02 A3 22 20 13 8C 62 28 97 4E E2 00 00 00 00 00 00 00 00 00 00 00 00 00 00 00 00 2E D8 04 00 DF 60 20 00 00 00 00 00 8F 2B 08 01 00 13 00 00 00 01 00 01 00 00 00 00 00 00 00 00 00 00 00 0B 00 00 00 00 F3 DC 08 01 80 CD 08 01 00 00 00 00 00 FE FF FE 00 00 00 00 00 00 00 00 00 00 00 50 00 50 00 02 00 32 00 00 00 05 00 00 00 00 00 00 00 01 00 00 00 00 00 00 00 00 00 00 00 00 00 40 00 00 00 00 00 00 B2 00 00 00 00 00 00 00 00 00 00 00 00 00 00 00 00 00 00 00 00 00 00 00 00 00 00 00 00 00 00 00 00 00
07 0D 01 8B 01 0E 1E A2 C1 13 90 23 01 15 9F 8C A1 3F 0B 8E E1 1A 93 CC A2 23 97 CF 02 00 00 00 00 00 00 00 00 00 00 00 00 00 00 00 00 00 00 00 00 00 00 00 00 2E D8 04 00 DF 60 20 00 00 00 00 00 8F 2B 08 01 00 13 00 00 00 01 00 01 00 00 00 00 00 00 00 00 00 00 00 0B 00 00 00 00 F3 DC 08 01 80 CD 08 01 00 00 00 00 00 FE FF FE 00 00 00 00 00 00 00 00 00 00 00 50 00 50 00 02 00 32 00 00 00 05 00 00 00 00 00 00 00 01 00 00 00 00 00 00 00 00 00 00 00 00 00 40 00 00 00 00 00 00 B2 00 00 00 00 00 00 00 00 00 00 00 00 00 00 00 00 00 00 00 00 00 00 00 00 00 00 00 00 00 00 00 00 00
06 10 9D 63 01 16 8E 63 21 1A 9D CD 01 42 09 CF 01 1F 12 0C 62 28 16 0E A2 00 00 00 00 00 00 00 00 00 00 00 00 00 00 00 00 00 00 00 00 00 00 00 00 00 00 00 00 2E D8 04 00 DF 60 20 00 00 00 00 00 8F 2B 08 01 00 13 00 00 00 01 00 01 00 00 00 00 00 00 00 00 00 00 00 0B 00 00 00 00 F3 DC 08 01 80 CD 08 01 00 00 00 00 00 FE FF FE 00 00 00 00 00 00 00 00 00 00 00 50 00 50 00 02 00 32 00 00 00 05 00 00 00 00 00 00 00 01 00 00 00 00 00 00 00 00 00 00 00 00 00 40 00 00 00 00 00 00 B2 00 00 00 00 00 00 00 00 00 00 00 00 00 00 00 00 00 00 00 00 00 00 00 00 00 00 00 00 00 00 00 00 00
08 13 83 8B A1 14 21 22 E1 1A 12 22 E1 1D 21 4D 81 0B 04 E2 62 22 16 0C 82 2B 19 CE C2 30 84 4D E2 00 00 00 00 00 00 00 00 00 00 00 00 00 00 00 00 00 00 00 00 2E D8 04 00 DF 60 20 00 00 00 00 00 8F 2B 08 01 00 13 00 00 00 01 00 01 00 00 00 00 00 00 00 00 00 00 00 0B 00 00 00 00 F3 DC 08 01 80 CD 08 01 00 00 00 00 00 FE FF FE 00 00 00 00 00 00 00 00 00 00 00 50 00 50 00 02 00 32 00 00 00 05 00 00 00 00 00 00 00 01 00 00 00 00 00 00 00 00 00 00 00 00 00 40 00 00 00 00 00 00 B2 00 00 00 00 00 00 00 00 00 00 00 00 00 00 00 00 00 00 00 00 00 00 00 00 00 00 00 00 00 00 00 00 00
08 14 1F A3 01 14 82 4B 41 1A 90 A3 01 1D A0 0D 41 0A 83 62 62 22 14 4C C2 2B 18 4E A2 31 02 CE 22 00 00 00 00 00 00 00 00 00 00 00 00 00 00 00 00 00 00 00 00 2E D8 04 00 DF 60 20 00 00 00 00 00 8F 2B 08 01 00 13 00 00 00 01 00 01 00 00 00 00 00 00 00 00 00 00 00 0B 00 00 00 00 F3 DC 08 01 80 CD 08 01 00 00 00 00 00 FE FF FE 00 00 00 00 00 00 00 00 00 00 00 50 00 50 00 02 00 32 00 00 00 05 00 00 00 00 00 00 00 01 00 00 00 00 00 00 00 00 00 00 00 00 00 40 00 00 00 00 00 00 B2 00 00 00 00 00 00 00 00 00 00 00 00 00 00 00 00 00 00 00 00 00 00 00 00 00 00 00 00 00 00 00 00 00
08 14 A1 63 61 1C 12 63 21 1F 21 8D 61 30 83 CD E1 0C 85 22 42 17 05 49 62 23 16 4C A2 2D 1A 0E 82 00 00 00 00 00 00 00 00 00 00 00 00 00 00 00 00 00 00 00 00 2E D8 04 00 DF 60 20 00 00 00 00 00 8F 2B 08 01 00 13 00 00 00 01 00 01 00 00 00 00 00 00 00 00 00 00 00 0B 00 00 00 00 F3 DC 08 01 80 CD 08 01 00 00 00 00 00 FE FF FE 00 00 00 00 00 00 00 00 00 00 00 50 00 50 00 02 00 32 00 00 00 05 00 00 00 00 00 00 00 01 00 00 00 00 00 00 00 00 00 00 00 00 00 40 00 00 00 00 00 00 B2 00 00 00 00 00 00 00 00 00 00 00 00 00 00 00 00 00 00 00 00 00 00 00 00 00 00 00 00 00 00 00 00 00
06 12 1F E3 41 19 10 A2 A1 1B A0 0D A1 21 14 8C 82 2A 18 8E 22 2F 83 4E 02 00 00 00 00 00 00 00 00 00 00 00 00 00 00 00 00 00 00 00 00 00 00 00 00 00 00 00 00 2E D8 04 00 DF 60 20 00 00 00 00 00 8F 2B 08 01 00 13 00 00 00 01 00 01 00 00 00 00 00 00 00 00 00 00 00 0B 00 00 00 00 F3 DC 08 01 80 CD 08 01 00 00 00 00 00 FE FF FE 00 00 00 00 00 00 00 00 00 00 00 50 00 50 00 02 00 32 00 00 00 05 00 00 00 00 00 00 00 01 00 00 00 00 00 00 00 00 00 00 00 00 00 40 00 00 00 00 00 00 B2 00 00 00 00 00 00 00 00 00 00 00 00 00 00 00 00 00 00 00 00 00 00 00 00 00 00 00 00 00 00 00 00 00
08 13 A1 62 E1 16 04 0B 41 1A 92 A2 61 1C A2 0C E1 0C 85 22 A2 22 96 8C 42 2B 9A 8E 02 32 85 0D A2 00 00 00 00 00 00 00 00 00 00 00 00 00 00 00 00 00 00 00 00 2E D8 04 00 DF 60 20 00 00 00 00 00 8F 2B 08 01 00 13 00 00 00 01 00 01 00 00 00 00 00 00 00 00 00 00 00 0B 00 00 00 00 F3 DC 08 01 80 CD 08 01 00 00 00 00 00 FE FF FE 00 00 00 00 00 00 00 00 00 00 00 50 00 50 00 02 00 32 00 00 00 05 00 00 00 00 00 00 00 01 00 00 00 00 00 00 00 00 00 00 00 00 00 40 00 00 00 00 00 00 B2 00 00 00 00 00 00 00 00 00 00 00 00 00 00 00 00 00 00 00 00 00 00 00 00 00 00 00 00 00 00 00 00 00
08 14 A1 A3 21 16 84 0B 41 1F 22 0C E1 31 04 4E 01 0D 85 62 C2 19 91 A2 02 23 17 0B C2 2C 9A 8E A2 00 00 00 00 00 00 00 00 00 00 00 00 00 00 00 00 00 00 00 00 2E D8 04 00 DF 60 20 00 00 00 00 00 8F 2B 08 01 00 13 00 00 00 01 00 01 00 00 00 00 00 00 00 00 00 00 00 0B 00 00 00 00 F3 DC 08 01 80 CD 08 01 00 00 00 00 00 FE FF FE 00 00 00 00 00 00 00 00 00 00 00 50 00 50 00 02 00 32 00 00 00 05 00 00 00 00 00 00 00 01 00 00 00 00 00 00 00 00 00 00 00 00 00 40 00 00 00 00 00 00 B2 00 00 00 00 00 00 00 00 00 00 00 00 00 00 00 00 00 00 00 00 00 00 00 00 00 00 00 00 00 00 00 00 00
09 11 9D 4B 81 34 86 A6 61 39 15 CE 01 3F 1A 65 01 42 0F A5 81 09 98 E1 E2 1C A1 8E 62 24 0B 8E A2 28 85 66 22 00 00 00 00 00 00 00 00 00 00 00 00 00 00 00 00 2E D8 04 00 DF 60 20 00 00 00 00 00 8F 2B 08 01 00 13 00 00 00 01 00 01 00 00 00 00 00 00 00 00 00 00 00 0B 00 00 00 00 F3 DC 08 01 80 CD 08 01 00 00 00 00 00 FE FF FE 00 00 00 00 00 00 00 00 00 00 00 50 00 50 00 02 00 32 00 00 00 05 00 00 00 00 00 00 00 01 00 00 00 00 00 00 00 00 00 00 00 00 00 40 00 00 00 00 00 00 B2 00 00 00 00 00 00 00 00 00 00 00 00 00 00 00 00 00 00 00 00 00 00 00 00 00 00 00 00 00 00 00 00 00
08 0D 0C 4B C1 13 9A A2 A1 3B 87 26 C1 3F 96 4F 01 1B 9E CB E2 25 22 8E 82 2B 8C CE 42 30 06 26 22 00 00 00 00 00 00 00 00 00 00 00 00 00 00 00 00 00 00 00 00 2E D8 04 00 DF 60 20 00 00 00 00 00 8F 2B 08 01 00 13 00 00 00 01 00 01 00 00 00 00 00 00 00 00 00 00 00 0B 00 00 00 00 F3 DC 08 01 80 CD 08 01 00 00 00 00 00 FE FF FE 00 00 00 00 00 00 00 00 00 00 00 50 00 50 00 02 00 32 00 00 00 05 00 00 00 00 00 00 00 01 00 00 00 00 00 00 00 00 00 00 00 00 00 40 00 00 00 00 00 00 B2 00 00 00 00 00 00 00 00 00 00 00 00 00 00 00 00 00 00 00 00 00 00 00 00 00 00 00 00 00 00 00 00 00
06 09 87 0B 61 11 15 62 A1 16 18 CB E1 3C 90 CF 01 21 9D 4E 82 27 87 8E 02 00 00 00 00 00 00 00 00 00 00 00 00 00 00 00 00 00 00 00 00 00 00 00 00 00 00 00 00 2E D8 04 00 DF 60 20 00 00 00 00 00 8F 2B 08 01 00 13 00 00 00 01 00 01 00 00 00 00 00 00 00 00 00 00 00 0B 00 00 00 00 F3 DC 08 01 80 CD 08 01 00 00 00 00 00 FE FF FE 00 00 00 00 00 00 00 00 00 00 00 50 00 50 00 02 00 32 00 00 00 05 00 00 00 00 00 00 00 01 00 00 00 00 00 00 00 00 00 00 00 00 00 40 00 00 00 00 00 00 B2 00 00 00 00 00 00 00 00 00 00 00 00 00 00 00 00 00 00 00 00 00 00 00 00 00 00 00 00 00 00 00 00 00
06 13 86 8B 41 18 94 E2 E1 1E 98 0C 21 2E 06 4E 61 0A 07 A3 22 29 9C CE 82 00 00 00 00 00 00 00 00 00 00 00 00 00 00 00 00 00 00 00 00 00 00 00 00 00 00 00 00 2E D8 04 00 DF 60 20 00 00 00 00 00 8F 2B 08 01 00 13 00 00 00 01 00 01 00 00 00 00 00 00 00 00 00 00 00 0B 00 00 00 00 F3 DC 08 01 80 CD 08 01 00 00 00 00 00 FE FF FE 00 00 00 00 00 00 00 00 00 00 00 50 00 50 00 02 00 32 00 00 00 05 00 00 00 00 00 00 00 01 00 00 00 00 00 00 00 00 00 00 00 00 00 40 00 00 00 00 00 00 B2 00 00 00 00 00 00 00 00 00 00 00 00 00 00 00 00 00 00 00 00 00 00 00 00 00 00 00 00 00 00 00 00 00
05 1B 17 23 01 23 1A CC A2 2C 1E CE 62 32 89 0E 42 37 02 A5 E2 00 00 00 00 00 00 00 00 00 00 00 00 00 00 00 00 00 00 00 00 00 00 00 00 00 00 00 00 00 00 00 00 2E D8 04 00 DF 60 20 00 00 00 00 00 8F 2B 08 01 00 13 00 00 00 01 00 01 00 00 00 00 00 00 00 00 00 00 00 0B 00 00 00 00 F3 DC 08 01 80 CD 08 01 00 00 00 00 00 FE FF FE 00 00 00 00 00 00 00 00 00 00 00 50 00 50 00 02 00 32 00 00 00 05 00 00 00 00 00 00 00 01 00 00 00 00 00 00 00 00 00 00 00 00 00 40 00 00 00 00 00 00 B2 00 00 00 00 00 00 00 00 00 00 00 00 00 00 00 00 00 00 00 00 00 00 00 00 00 00 00 00 00 00 00 00 00
07 0D 05 4B 41 0D 22 63 01 13 93 A2 A1 40 0F 4E 21 1B 17 4C 82 24 9B 4E 82 2A 85 8E 82 00 00 00 00 00 00 00 00 00 00 00 00 00 00 00 00 00 00 00 00 00 00 00 00 2E D8 04 00 DF 60 20 00 00 00 00 00 8F 2B 08 01 00 13 00 00 00 01 00 01 00 00 00 00 00 00 00 00 00 00 00 0B 00 00 00 00 F3 DC 08 01 80 CD 08 01 00 00 00 00 00 FE FF FE 00 00 00 00 00 00 00 00 00 00 00 50 00 50 00 02 00 32 00 00 00 05 00 00 00 00 00 00 00 01 00 00 00 00 00 00 00 00 00 00 00 00 00 40 00 00 00 00 00 00 B2 00 00 00 00 00 00 00 00 00 00 00 00 00 00 00 00 00 00 00 00 00 00 00 00 00 00 00 00 00 00 00 00 00
08 0E 21 62 A1 0E 84 4B 41 15 12 A2 A1 17 A2 0D 01 42 0E 8E 41 1D 16 8C 82 26 9A 8E 02 2D 04 CE 22 00 00 00 00 00 00 00 00 00 00 00 00 00 00 00 00 00 00 00 00 2E D8 04 00 DF 60 20 00 00 00 00 00 8F 2B 08 01 00 13 00 00 00 01 00 01 00 00 00 00 00 00 00 00 00 00 00 0B 00 00 00 00 F3 DC 08 01 80 CD 08 01 00 00 00 00 00 FE FF FE 00 00 00 00 00 00 00 00 00 00 00 50 00 50 00 02 00 32 00 00 00 05 00 00 00 00 00 00 00 01 00 00 00 00 00 00 00 00 00 00 00 00 00 40 00 00 00 00 00 00 B2 00 00 00 00 00 00 00 00 00 00 00 00 00 00 00 00 00 00 00 00 00 00 00 00 00 00 00 00 00 00 00 00 00
09 08 93 E3 21 0F 05 22 A1 12 94 4D 21 1D 9E 8E C1 3B 01 0E C1 42 85 64 21 17 09 0C A2 21 0D 0E 22 3D 9A 64 A2 00 00 00 00 00 00 00 00 00 00 00 00 00 00 00 00 2E D8 04 00 DF 60 20 00 00 00 00 00 8F 2B 08 01 00 13 00 00 00 01 00 01 00 00 00 00 00 00 00 00 00 00 00 0B 00 00 00 00 F3 DC 08 01 80 CD 08 01 00 00 00 00 00 FE FF FE 00 00 00 00 00 00 00 00 00 00 00 50 00 50 00 02 00 32 00 00 00 05 00 00 00 00 00 00 00 01 00 00 00 00 00 00 00 00 00 00 00 00 00 40 00 00 00 00 00 00 B2 00 00 00 00 00 00 00 00 00 00 00 00 00 00 00 00 00 00 00 00 00 00 00 00 00 00 00 00 00 00 00 00 00
04 1B 18 23 21 2C 9F CE 82 32 0A 0E 62 38 03 66 62 00 00 00 00 00 00 00 00 00 00 00 00 00 00 00 00 00 00 00 00 00 00 00 00 00 00 00 00 00 00 00 00 00 00 00 00 2E D8 04 00 DF 60 20 00 00 00 00 00 8F 2B 08 01 00 13 00 00 00 01 00 01 00 00 00 00 00 00 00 00 00 00 00 0B 00 00 00 00 F3 DC 08 01 80 CD 08 01 00 00 00 00 00 FE FF FE 00 00 00 00 00 00 00 00 00 00 00 50 00 50 00 02 00 32 00 00 00 05 00 00 00 00 00 00 00 01 00 00 00 00 00 00 00 00 00 00 00 00 00 40 00 00 00 00 00 00 B2 00 00 00 00 00 00 00 00 00 00 00 00 00 00 00 00 00 00 00 00 00 00 00 00 00 00 00 00 00 00 00 00 00
08 10 1F A3 21 13 82 4B 41 17 10 A2 81 1A A0 0C E1 09 83 62 22 1F 94 CB 82 28 18 8E 22 2F 83 0E 42 00 00 00 00 00 00 00 00 00 00 00 00 00 00 00 00 00 00 00 00 2E D8 04 00 DF 60 20 00 00 00 00 00 8F 2B 08 01 00 13 00 00 00 01 00 01 00 00 00 00 00 00 00 00 00 00 00 0B 00 00 00 00 F3 DC 08 01 80 CD 08 01 00 00 00 00 00 FE FF FE 00 00 00 00 00 00 00 00 00 00 00 50 00 50 00 02 00 32 00 00 00 05 00 00 00 00 00 00 00 01 00 00 00 00 00 00 00 00 00 00 00 00 00 40 00 00 00 00 00 00 B2 00 00 00 00 00 00 00 00 00 00 00 00 00 00 00 00 00 00 00 00 00 00 00 00 00 00 00 00 00 00 00 00 00
07 0B 1F 62 E1 10 90 A1 C1 13 20 0D 41 17 93 CB C1 3E 0D 4E 41 22 18 CE 02 29 83 0E 62 00 00 00 00 00 00 00 00 00 00 00 00 00 00 00 00 00 00 00 00 00 00 00 00 2E D8 04 00 DF 60 20 00 00 00 00 00 8F 2B 08 01 00 13 00 00 00 01 00 01 00 00 00 00 00 00 00 00 00 00 00 0B 00 00 00 00 F3 DC 08 01 80 CD 08 01 00 00 00 00 00 FE FF FE 00 00 00 00 00 00 00 00 00 00 00 50 00 50 00 02 00 32 00 00 00 05 00 00 00 00 00 00 00 01 00 00 00 00 00 00 00 00 00 00 00 00 00 40 00 00 00 00 00 00 B2 00 00 00 00 00 00 00 00 00 00 00 00 00 00 00 00 00 00 00 00 00 00 00 00 00 00 00 00 00 00 00 00 00
06 11 9F E3 01 1B A0 0D E1 1E 13 CC A1 16 10 22 62 29 98 CE 82 2F 83 0E 42 00 00 00 00 00 00 00 00 00 00 00 00 00 00 00 00 00 00 00 00 00 00 00 00 00 00 00 00 2E D8 04 00 DF 60 20 00 00 00 00 00 8F 2B 08 01 00 13 00 00 00 01 00 01 00 00 00 00 00 00 00 00 00 00 00 0B 00 00 00 00 F3 DC 08 01 80 CD 08 01 00 00 00 00 00 FE FF FE 00 00 00 00 00 00 00 00 00 00 00 50 00 50 00 02 00 32 00 00 00 05 00 00 00 00 00 00 00 01 00 00 00 00 00 00 00 00 00 00 00 00 00 40 00 00 00 00 00 00 B2 00 00 00 00 00 00 00 00 00 00 00 00 00 00 00 00 00 00 00 00 00 00 00 00 00 00 00 00 00 00 00 00 00
06 14 A1 23 01 1C 12 22 E1 1F A1 4C E1 24 16 0C 22 2D 9A 0E 22 34 04 0E 42 00 00 00 00 00 00 00 00 00 00 00 00 00 00 00 00 00 00 00 00 00 00 00 00 00 00 00 00 2E D8 04 00 DF 60 20 00 00 00 00 00 8F 2B 08 01 00 13 00 00 00 01 00 01 00 00 00 00 00 00 00 00 00 00 00 0B 00 00 00 00 F3 DC 08 01 80 CD 08 01 00 00 00 00 00 FE FF FE 00 00 00 00 00 00 00 00 00 00 00 50 00 50 00 02 00 32 00 00 00 05 00 00 00 00 00 00 00 01 00 00 00 00 00 00 00 00 00 00 00 00 00 40 00 00 00 00 00 00 B2 00 00 00 00 00 00 00 00 00 00 00 00 00 00 00 00 00 00 00 00 00 00 00 00 00 00 00 00 00 00 00 00 00
07 10 20 62 A1 17 11 A3 61 1A 21 0C C1 1C 94 8C 61 42 8D 8E 81 27 99 8E 62 2E 83 8E 42 00 00 00 00 00 00 00 00 00 00 00 00 00 00 00 00 00 00 00 00 00 00 00 00 2E D8 04 00 DF 60 20 00 00 00 00 00 8F 2B 08 01 00 13 00 00 00 01 00 01 00 00 00 00 00 00 00 00 00 00 00 0B 00 00 00 00 F3 DC 08 01 80 CD 08 01 00 00 00 00 00 FE FF FE 00 00 00 00 00 00 00 00 00 00 00 50 00 50 00 02 00 32 00 00 00 05 00 00 00 00 00 00 00 01 00 00 00 00 00 00 00 00 00 00 00 00 00 40 00 00 00 00 00 00 B2 00 00 00 00 00 00 00 00 00 00 00 00 00 00 00 00 00 00 00 00 00 00 00 00 00 00 00 00 00 00 00 00 00
08 16 21 E2 E1 17 84 8B 61 1C 93 22 A1 1F A2 8C C1 0E 05 A2 A2 25 17 0C 62 2E 1A CE 62 35 05 4D E2 00 00 00 00 00 00 00 00 00 00 00 00 00 00 00 00 00 00 00 00 2E D8 04 00 DF 60 20 00 00 00 00 00 8F 2B 08 01 00 13 00 00 00 01 00 01 00 00 00 00 00 00 00 00 00 00 00 0B 00 00 00 00 F3 DC 08 01 80 CD 08 01 00 00 00 00 00 FE FF FE 00 00 00 00 00 00 00 00 00 00 00 50 00 50 00 02 00 32 00 00 00 05 00 00 00 00 00 00 00 01 00 00 00 00 00 00 00 00 00 00 00 00 00 40 00 00 00 00 00 00 B2 00 00 00 00 00 00 00 00 00 00 00 00 00 00 00 00 00 00 00 00 00 00 00 00 00 00 00 00 00 00 00 00 00
08 0F A1 63 21 10 03 8C 01 17 92 62 E1 1A 21 CD 01 2C 04 0D 81 43 0E 4E 81 07 84 E2 62 28 1A 4E C2 00 00 00 00 00 00 00 00 00 00 00 00 00 00 00 00 00 00 00 00 2E D8 04 00 DF 60 20 00 00 00 00 00 8F 2B 08 01 00 13 00 00 00 01 00 01 00 00 00 00 00 00 00 00 00 00 00 0B 00 00 00 00 F3 DC 08 01 80 CD 08 01 00 00 00 00 00 FE FF FE 00 00 00 00 00 00 00 00 00 00 00 50 00 50 00 02 00 32 00 00 00 05 00 00 00 00 00 00 00 01 00 00 00 00 00 00 00 00 00 00 00 00 00 40 00 00 00 00 00 00 B2 00 00 00 00 00 00 00 00 00 00 00 00 00 00 00 00 00 00 00 00 00 00 00 00 00 00 00 00 00 00 00 00 00
06 15 96 E2 A1 1C 1A 0B E1 43 12 8E 81 27 9E 8E 22 2E 08 CE 02 3F 04 A6 22 00 00 00 00 00 00 00 00 00 00 00 00 00 00 00 00 00 00 00 00 00 00 00 00 00 00 00 00 2E D8 04 00 DF 60 20 00 00 00 00 00 8F 2B 08 01 00 13 00 00 00 01 00 01 00 00 00 00 00 00 00 00 00 00 00 0B 00 00 00 00 F3 DC 08 01 80 CD 08 01 00 00 00 00 00 FE FF FE 00 00 00 00 00 00 00 00 00 00 00 50 00 50 00 02 00 32 00 00 00 05 00 00 00 00 00 00 00 01 00 00 00 00 00 00 00 00 00 00 00 00 00 40 00 00 00 00 00 00 B2 00 00 00 00 00 00 00 00 00 00 00 00 00 00 00 00 00 00 00 00 00 00 00 00 00 00 00 00 00 00 00 00 00
08 16 A2 62 C1 18 05 0B 41 1D 93 A2 A1 23 16 CC 81 08 9A 0B 22 0E 06 22 62 2E 9B 0E A2 34 85 8E 62 00 00 00 00 00 00 00 00 00 00 00 00 00 00 00 00 00 00 00 00 2E D8 04 00 DF 60 20 00 00 00 00 00 8F 2B 08 01 00 13 00 00 00 01 00 01 00 00 00 00 00 00 00 00 00 00 00 0B 00 00 00 00 F3 DC 08 01 80 CD 08 01 00 00 00 00 00 FE FF FE 00 00 00 00 00 00 00 00 00 00 00 50 00 50 00 02 00 32 00 00 00 05 00 00 00 00 00 00 00 01 00 00 00 00 00 00 00 00 00 00 00 00 00 40 00 00 00 00 00 00 B2 00 00 00 00 00 00 00 00 00 00 00 00 00 00 00 00 00 00 00 00 00 00 00 00 00 00 00 00 00 00 00 00 00
07 08 99 CA E1 16 21 63 01 1B 92 62 41 20 A1 CD 21 25 96 8C 22 2E 9A 4E 42 34 04 4E 42 00 00 00 00 00 00 00 00 00 00 00 00 00 00 00 00 00 00 00 00 00 00 00 00 2E D8 04 00 DF 60 20 00 00 00 00 00 8F 2B 08 01 00 13 00 00 00 01 00 01 00 00 00 00 00 00 00 00 00 00 00 0B 00 00 00 00 F3 DC 08 01 80 CD 08 01 00 00 00 00 00 FE FF FE 00 00 00 00 00 00 00 00 00 00 00 50 00 50 00 02 00 32 00 00 00 05 00 00 00 00 00 00 00 01 00 00 00 00 00 00 00 00 00 00 00 00 00 40 00 00 00 00 00 00 B2 00 00 00 00 00 00 00 00 00 00 00 00 00 00 00 00 00 00 00 00 00 00 00 00 00 00 00 00 00 00 00 00 00
08 18 20 63 21 1F 11 22 A1 23 20 8D 41 24 14 8C 01 0F 03 A2 A2 1A 83 8A 42 2F 99 0E 82 35 83 0E A2 00 00 00 00 00 00 00 00 00 00 00 00 00 00 00 00 00 00 00 00 2E D8 04 00 DF 60 20 00 00 00 00 00 8F 2B 08 01 00 13 00 00 00 01 00 01 00 00 00 00 00 00 00 00 00 00 00 0B 00 00 00 00 F3 DC 08 01 80 CD 08 01 00 00 00 00 00 FE FF FE 00 00 00 00 00 00 00 00 00 00 00 50 00 50 00 02 00 32 00 00 00 05 00 00 00 00 00 00 00 01 00 00 00 00 00 00 00 00 00 00 00 00 00 40 00 00 00 00 00 00 B2 00 00 00 00 00 00 00 00 00 00 00 00 00 00 00 00 00 00 00 00 00 00 00 00 00 00 00 00 00 00 00 00 00
05 10 1E A3 01 18 8F A2 C1 1C 1E CD 21 1E 92 CC 61 29 97 4E C2 00 00 00 00 00 00 00 00 00 00 00 00 00 00 00 00 00 00 00 00 00 00 00 00 00 00 00 00 00 00 00 00 2E D8 04 00 DF 60 20 00 00 00 00 00 8F 2B 08 01 00 13 00 00 00 01 00 01 00 00 00 00 00 00 00 00 00 00 00 0B 00 00 00 00 F3 DC 08 01 80 CD 08 01 00 00 00 00 00 FE FF FE 00 00 00 00 00 00 00 00 00 00 00 50 00 50 00 02 00 32 00 00 00 05 00 00 00 00 00 00 00 01 00 00 00 00 00 00 00 00 00 00 00 00 00 40 00 00 00 00 00 00 B2 00 00 00 00 00 00 00 00 00 00 00 00 00 00 00 00 00 00 00 00 00 00 00 00 00 00 00 00 00 00 00 00 00
09 17 9F A2 E1 1E 90 A2 E1 22 20 0D 01 0A 97 4B 82 0F 03 62 A2 1A 83 4A 42 27 14 8C 62 30 98 4E 82 35 02 CE 22 00 00 00 00 00 00 00 00 00 00 00 00 00 00 00 00 2E D8 04 00 DF 60 20 00 00 00 00 00 8F 2B 08 01 00 13 00 00 00 01 00 01 00 00 00 00 00 00 00 00 00 00 00 0B 00 00 00 00 F3 DC 08 01 80 CD 08 01 00 00 00 00 00 FE FF FE 00 00 00 00 00 00 00 00 00 00 00 50 00 50 00 02 00 32 00 00 00 05 00 00 00 00 00 00 00 01 00 00 00 00 00 00 00 00 00 00 00 00 00 40 00 00 00 00 00 00 B2 00 00 00 00 00 00 00 00 00 00 00 00 00 00 00 00 00 00 00 00 00 00 00 00 00 00 00 00 00 00 00 00 00
06 1C 1E A3 01 1D 01 4B 41 27 9E CD 41 13 82 62 A2 2B 13 CC 22 34 97 4F 02 00 00 00 00 00 00 00 00 00 00 00 00 00 00 00 00 00 00 00 00 00 00 00 00 00 00 00 00 2E D8 04 00 DF 60 20 00 00 00 00 00 8F 2B 08 01 00 13 00 00 00 01 00 01 00 00 00 00 00 00 00 00 00 00 00 0B 00 00 00 00 F3 DC 08 01 80 CD 08 01 00 00 00 00 00 FE FF FE 00 00 00 00 00 00 00 00 00 00 00 50 00 50 00 02 00 32 00 00 00 05 00 00 00 00 00 00 00 01 00 00 00 00 00 00 00 00 00 00 00 00 00 40 00 00 00 00 00 00 B2 00 00 00 00 00 00 00 00 00 00 00 00 00 00 00 00 00 00 00 00 00 00 00 00 00 00 00 00 00 00 00 00 00
06 13 A1 23 21 1E A1 0D 41 18 90 E1 C2 23 95 CC A2 2C 99 CE 22 32 83 8E 42 00 00 00 00 00 00 00 00 00 00 00 00 00 00 00 00 00 00 00 00 00 00 00 00 00 00 00 00 2E D8 04 00 DF 60 20 00 00 00 00 00 8F 2B 08 01 00 13 00 00 00 01 00 01 00 00 00 00 00 00 00 00 00 00 00 0B 00 00 00 00 F3 DC 08 01 80 CD 08 01 00 00 00 00 00 FE FF FE 00 00 00 00 00 00 00 00 00 00 00 50 00 50 00 02 00 32 00 00 00 05 00 00 00 00 00 00 00 01 00 00 00 00 00 00 00 00 00 00 00 00 00 40 00 00 00 00 00 00 B2 00 00 00 00 00 00 00 00 00 00 00 00 00 00 00 00 00 00 00 00 00 00 00 00 00 00 00 00 00 00 00 00 00
07 10 22 62 A1 12 85 0B 41 1D 16 CC 81 08 86 22 A2 14 92 E2 62 28 9B 4E 42 2E 85 CD 82 00 00 00 00 00 00 00 00 00 00 00 00 00 00 00 00 00 00 00 00 00 00 00 00 2E D8 04 00 DF 60 20 00 00 00 00 00 8F 2B 08 01 00 13 00 00 00 01 00 01 00 00 00 00 00 00 00 00 00 00 00 0B 00 00 00 00 F3 DC 08 01 80 CD 08 01 00 00 00 00 00 FE FF FE 00 00 00 00 00 00 00 00 00 00 00 50 00 50 00 02 00 32 00 00 00 05 00 00 00 00 00 00 00 01 00 00 00 00 00 00 00 00 00 00 00 00 00 40 00 00 00 00 00 00 B2 00 00 00 00 00 00 00 00 00 00 00 00 00 00 00 00 00 00 00 00 00 00 00 00 00 00 00 00 00 00 00 00 00
08 18 21 22 E1 18 83 8B 41 23 21 4C C1 25 15 4C 21 34 03 4E 01 0B 98 4B C2 1D 10 E1 62 30 19 CE 82 00 00 00 00 00 00 00 00 00 00 00 00 00 00 00 00 00 00 00 00 2E D8 04 00 DF 60 20 00 00 00 00 00 8F 2B 08 01 00 13 00 00 00 01 00 01 00 00 00 00 00 00 00 00 00 00 00 0B 00 00 00 00 F3 DC 08 01 80 CD 08 01 00 00 00 00 00 FE FF FE 00 00 00 00 00 00 00 00 00 00 00 50 00 50 00 02 00 32 00 00 00 05 00 00 00 00 00 00 00 01 00 00 00 00 00 00 00 00 00 00 00 00 00 40 00 00 00 00 00 00 B2 00 00 00 00 00 00 00 00 00 00 00 00 00 00 00 00 00 00 00 00 00 00 00 00 00 00 00 00 00 00 00 00 00
09 07 17 C9 C1 14 1F 63 01 14 82 0B 41 1F 9F 8D 41 0C 03 22 42 19 8F 62 22 24 14 0D 22 2D 18 0E 22 33 02 4D E2 00 00 00 00 00 00 00 00 00 00 00 00 00 00 00 00 2E D8 04 00 DF 60 20 00 00 00 00 00 8F 2B 08 01 00 13 00 00 00 01 00 01 00 00 00 00 00 00 00 00 00 00 00 0B 00 00 00 00 F3 DC 08 01 80 CD 08 01 00 00 00 00 00 FE FF FE 00 00 00 00 00 00 00 00 00 00 00 50 00 50 00 02 00 32 00 00 00 05 00 00 00 00 00 00 00 01 00 00 00 00 00 00 00 00 00 00 00 00 00 40 00 00 00 00 00 00 B2 00 00 00 00 00 00 00 00 00 00 00 00 00 00 00 00 00 00 00 00 00 00 00 00 00 00 00 00 00 00 00 00 00
08 1A A2 63 01 1B 05 0B 41 21 13 A2 E1 26 96 CC 61 0D 1A 0B E2 11 86 22 62 32 1B 0E 62 37 85 4E A2 00 00 00 00 00 00 00 00 00 00 00 00 00 00 00 00 00 00 00 00 2E D8 04 00 DF 60 20 00 00 00 00 00 8F 2B 08 01 00 13 00 00 00 01 00 01 00 00 00 00 00 00 00 00 00 00 00 0B 00 00 00 00 F3 DC 08 01 80 CD 08 01 00 00 00 00 00 FE FF FE 00 00 00 00 00 00 00 00 00 00 00 50 00 50 00 02 00 32 00 00 00 05 00 00 00 00 00 00 00 01 00 00 00 00 00 00 00 00 00 00 00 00 00 40 00 00 00 00 00 00 B2 00 00 00 00 00 00 00 00 00 00 00 00 00 00 00 00 00 00 00 00 00 00 00 00 00 00 00 00 00 00 00 00 00
07 0D A1 23 21 14 12 22 A1 18 A1 4D 61 40 0D 8E E1 1C 96 0C 62 26 1A 0E 82 2B 04 4D E2 00 00 00 00 00 00 00 00 00 00 00 00 00 00 00 00 00 00 00 00 00 00 00 00 2E D8 04 00 DF 60 20 00 00 00 00 00 8F 2B 08 01 00 13 00 00 00 01 00 01 00 00 00 00 00 00 00 00 00 00 00 0B 00 00 00 00 F3 DC 08 01 80 CD 08 01 00 00 00 00 00 FE FF FE 00 00 00 00 00 00 00 00 00 00 00 50 00 50 00 02 00 32 00 00 00 05 00 00 00 00 00 00 00 01 00 00 00 00 00 00 00 00 00 00 00 00 00 40 00 00 00 00 00 00 B2 00 00 00 00 00 00 00 00 00 00 00 00 00 00 00 00 00 00 00 00 00 00 00 00 00 00 00 00 00 00 00 00 00
06 0E 9D E3 21 16 0E A3 01 19 1E 0D 21 42 8A 0E 41 1D 92 8C A2 27 96 8E 42 00 00 00 00 00 00 00 00 00 00 00 00 00 00 00 00 00 00 00 00 00 00 00 00 00 00 00 00 2E D8 04 00 DF 60 20 00 00 00 00 00 8F 2B 08 01 00 13 00 00 00 01 00 01 00 00 00 00 00 00 00 00 00 00 00 0B 00 00 00 00 F3 DC 08 01 80 CD 08 01 00 00 00 00 00 FE FF FE 00 00 00 00 00 00 00 00 00 00 00 50 00 50 00 02 00 32 00 00 00 05 00 00 00 00 00 00 00 01 00 00 00 00 00 00 00 00 00 00 00 00 00 40 00 00 00 00 00 00 B2 00 00 00 00 00 00 00 00 00 00 00 00 00 00 00 00 00 00 00 00 00 00 00 00 00 00 00 00 00 00 00 00 00
08 15 21 63 21 20 21 CD 01 0D 05 22 A2 18 05 49 A2 1A 11 62 02 25 16 4C E2 2D 9A 4E 82 33 84 8E 62 00 00 00 00 00 00 00 00 00 00 00 00 00 00 00 00 00 00 00 00 2E D8 04 00 DF 60 20 00 00 00 00 00 8F 2B 08 01 00 13 00 00 00 01 00 01 00 00 00 00 00 00 00 00 00 00 00 0B 00 00 00 00 F3 DC 08 01 80 CD 08 01 00 00 00 00 00 FE FF FE 00 00 00 00 00 00 00 00 00 00 00 50 00 50 00 02 00 32 00 00 00 05 00 00 00 00 00 00 00 01 00 00 00 00 00 00 00 00 00 00 00 00 00 40 00 00 00 00 00 00 B2 00 00 00 00 00 00 00 00 00 00 00 00 00 00 00 00 00 00 00 00 00 00 00 00 00 00 00 00 00 00 00 00 00
07 0F A0 62 E1 11 03 0B 41 17 91 62 A1 1A A0 CD 01 2D 83 0D E1 1F 95 8C 02 28 19 4E 62 00 00 00 00 00 00 00 00 00 00 00 00 00 00 00 00 00 00 00 00 00 00 00 00 2E D8 04 00 DF 60 20 00 00 00 00 00 8F 2B 08 01 00 13 00 00 00 01 00 01 00 00 00 00 00 00 00 00 00 00 00 0B 00 00 00 00 F3 DC 08 01 80 CD 08 01 00 00 00 00 00 FE FF FE 00 00 00 00 00 00 00 00 00 00 00 50 00 50 00 02 00 32 00 00 00 05 00 00 00 00 00 00 00 01 00 00 00 00 00 00 00 00 00 00 00 00 00 40 00 00 00 00 00 00 B2 00 00 00 00 00 00 00 00 00 00 00 00 00 00 00 00 00 00 00 00 00 00 00 00 00 00 00 00 00 00 00 00 00
07 10 1F A3 01 17 90 A3 21 1A 9F CD 81 2D 82 0D C1 44 0C 4E C1 20 94 8C 22 29 18 4E E2 00 00 00 00 00 00 00 00 00 00 00 00 00 00 00 00 00 00 00 00 00 00 00 00 2E D8 04 00 DF 60 20 00 00 00 00 00 8F 2B 08 01 00 13 00 00 00 01 00 01 00 00 00 00 00 00 00 00 00 00 00 0B 00 00 00 00 F3 DC 08 01 80 CD 08 01 00 00 00 00 00 FE FF FE 00 00 00 00 00 00 00 00 00 00 00 50 00 50 00 02 00 32 00 00 00 05 00 00 00 00 00 00 00 01 00 00 00 00 00 00 00 00 00 00 00 00 00 40 00 00 00 00 00 00 B2 00 00 00 00 00 00 00 00 00 00 00 00 00 00 00 00 00 00 00 00 00 00 00 00 00 00 00 00 00 00 00 00 00
08 11 A2 22 A1 18 13 A2 A1 44 8F 8E C1 0A 06 22 22 14 86 49 E2 20 97 8B 82 29 1B 4E 22 30 85 CD C2 00 00 00 00 00 00 00 00 00 00 00 00 00 00 00 00 00 00 00 00 2E D8 04 00 DF 60 20 00 00 00 00 00 8F 2B 08 01 00 13 00 00 00 01 00 01 00 00 00 00 00 00 00 00 00 00 00 0B 00 00 00 00 F3 DC 08 01 80 CD 08 01 00 00 00 00 00 FE FF FE 00 00 00 00 00 00 00 00 00 00 00 50 00 50 00 02 00 32 00 00 00 05 00 00 00 00 00 00 00 01 00 00 00 00 00 00 00 00 00 00 00 00 00 40 00 00 00 00 00 00 B2 00 00 00 00 00 00 00 00 00 00 00 00 00 00 00 00 00 00 00 00 00 00 00 00 00 00 00 00 00 00 00 00 00
06 0F 8D E1 61 1F 1C 23 A1 18 8E CA A2 27 1F CD 42 34 0D 8D E2 39 06 A6 C2 00 00 00 00 00 00 00 00 00 00 00 00 00 00 00 00 00 00 00 00 00 00 00 00 00 00 00 00 2E D8 04 00 DF 60 20 00 00 00 00 00 8F 2B 08 01 00 13 00 00 00 01 00 01 00 00 00 00 00 00 00 00 00 00 00 0B 00 00 00 00 F3 DC 08 01 80 CD 08 01 00 00 00 00 00 FE FF FE 00 00 00 00 00 00 00 00 00 00 00 50 00 50 00 02 00 32 00 00 00 05 00 00 00 00 00 00 00 01 00 00 00 00 00 00 00 00 00 00 00 00 00 40 00 00 00 00 00 00 B2 00 00 00 00 00 00 00 00 00 00 00 00 00 00 00 00 00 00 00 00 00 00 00 00 00 00 00 00 00 00 00 00 00
06 1B 19 A2 A1 20 9D 0B C1 2C A1 4E 42 32 0B 8E C2 37 84 E6 42 42 87 26 E2 00 00 00 00 00 00 00 00 00 00 00 00 00 00 00 00 00 00 00 00 00 00 00 00 00 00 00 00 2E D8 04 00 DF 60 20 00 00 00 00 00 8F 2B 08 01 00 13 00 00 00 01 00 01 00 00 00 00 00 00 00 00 00 00 00 0B 00 00 00 00 F3 DC 08 01 80 CD 08 01 00 00 00 00 00 FE FF FE 00 00 00 00 00 00 00 00 00 00 00 50 00 50 00 02 00 32 00 00 00 05 00 00 00 00 00 00 00 01 00 00 00 00 00 00 00 00 00 00 00 00 00 40 00 00 00 00 00 00 B2 00 00 00 00 00 00 00 00 00 00 00 00 00 00 00 00 00 00 00 00 00 00 00 00 00 00 00 00 00 00 00 00 00
06 14 06 0B 41 1A 14 62 E1 2E 86 0E 01 0B 07 22 C2 22 98 4C 62 2B 1C 4E 42 00 00 00 00 00 00 00 00 00 00 00 00 00 00 00 00 00 00 00 00 00 00 00 00 00 00 00 00 2E D8 04 00 DF 60 20 00 00 00 00 00 8F 2B 08 01 00 13 00 00 00 01 00 01 00 00 00 00 00 00 00 00 00 00 00 0B 00 00 00 00 F3 DC 08 01 80 CD 08 01 00 00 00 00 00 FE FF FE 00 00 00 00 00 00 00 00 00 00 00 50 00 50 00 02 00 32 00 00 00 05 00 00 00 00 00 00 00 01 00 00 00 00 00 00 00 00 00 00 00 00 00 40 00 00 00 00 00 00 B2 00 00 00 00 00 00 00 00 00 00 00 00 00 00 00 00 00 00 00 00 00 00 00 00 00 00 00 00 00 00 00 00 00
04 22 16 23 81 29 1A 0C 62 31 9D CE A2 37 87 CE 22 00 00 00 00 00 00 00 00 00 00 00 00 00 00 00 00 00 00 00 00 00 00 00 00 00 00 00 00 00 00 00 00 00 00 00 00 2E D8 04 00 DF 60 20 00 00 00 00 00 8F 2B 08 01 00 13 00 00 00 01 00 01 00 00 00 00 00 00 00 00 00 00 00 0B 00 00 00 00 F3 DC 08 01 80 CD 08 01 00 00 00 00 00 FE FF FE 00 00 00 00 00 00 00 00 00 00 00 50 00 50 00 02 00 32 00 00 00 05 00 00 00 00 00 00 00 01 00 00 00 00 00 00 00 00 00 00 00 00 00 40 00 00 00 00 00 00 B2 00 00 00 00 00 00 00 00 00 00 00 00 00 00 00 00 00 00 00 00 00 00 00 00 00 00 00 00 00 00 00 00 00
05 21 17 62 A1 29 9B 0C E2 33 9E CE 82 38 09 4E 22 3E 02 66 62 00 00 00 00 00 00 00 00 00 00 00 00 00 00 00 00 00 00 00 00 00 00 00 00 00 00 00 00 00 00 00 00 2E D8 04 00 DF 60 20 00 00 00 00 00 8F 2B 08 01 00 13 00 00 00 01 00 01 00 00 00 00 00 00 00 00 00 00 00 0B 00 00 00 00 F3 DC 08 01 80 CD 08 01 00 00 00 00 00 FE FF FE 00 00 00 00 00 00 00 00 00 00 00 50 00 50 00 02 00 32 00 00 00 05 00 00 00 00 00 00 00 01 00 00 00 00 00 00 00 00 00 00 00 00 00 40 00 00 00 00 00 00 B2 00 00 00 00 00 00 00 00 00 00 00 00 00 00 00 00 00 00 00 00 00 00 00 00 00 00 00 00 00 00 00 00 00
06 07 9B 4A 01 17 22 E3 01 1F 13 E3 61 26 17 CC 82 2E 9B 8E A2 34 85 CE A2 00 00 00 00 00 00 00 00 00 00 00 00 00 00 00 00 00 00 00 00 00 00 00 00 00 00 00 00 2E D8 04 00 DF 60 20 00 00 00 00 00 8F 2B 08 01 00 13 00 00 00 01 00 01 00 00 00 00 00 00 00 00 00 00 00 0B 00 00 00 00 F3 DC 08 01 80 CD 08 01 00 00 00 00 00 FE FF FE 00 00 00 00 00 00 00 00 00 00 00 50 00 50 00 02 00 32 00 00 00 05 00 00 00 00 00 00 00 01 00 00 00 00 00 00 00 00 00 00 00 00 00 40 00 00 00 00 00 00 B2 00 00 00 00 00 00 00 00 00 00 00 00 00 00 00 00 00 00 00 00 00 00 00 00 00 00 00 00 00 00 00 00 00
07 06 98 08 C1 12 81 4B 41 16 1E E3 61 21 1E CD E1 18 8E A2 82 24 13 0D E2 2D 17 0F 02 00 00 00 00 00 00 00 00 00 00 00 00 00 00 00 00 00 00 00 00 00 00 00 00 2E D8 04 00 DF 60 20 00 00 00 00 00 8F 2B 08 01 00 13 00 00 00 01 00 01 00 00 00 00 00 00 00 00 00 00 00 0B 00 00 00 00 F3 DC 08 01 80 CD 08 01 00 00 00 00 00 FE FF FE 00 00 00 00 00 00 00 00 00 00 00 50 00 50 00 02 00 32 00 00 00 05 00 00 00 00 00 00 00 01 00 00 00 00 00 00 00 00 00 00 00 00 00 40 00 00 00 00 00 00 B2 00 00 00 00 00 00 00 00 00 00 00 00 00 00 00 00 00 00 00 00 00 00 00 00 00 00 00 00 00 00 00 00 00
08 0F 14 E3 81 15 97 8D 61 3A 8E 8F A1 44 08 26 A1 06 88 09 A2 21 9C 0F 42 24 06 0F 02 42 94 26 62 00 00 00 00 00 00 00 00 00 00 00 00 00 00 00 00 00 00 00 00 2E D8 04 00 DF 60 20 00 00 00 00 00 8F 2B 08 01 00 13 00 00 00 01 00 01 00 00 00 00 00 00 00 00 00 00 00 0B 00 00 00 00 F3 DC 08 01 80 CD 08 01 00 00 00 00 00 FE FF FE 00 00 00 00 00 00 00 00 00 00 00 50 00 50 00 02 00 32 00 00 00 05 00 00 00 00 00 00 00 01 00 00 00 00 00 00 00 00 00 00 00 00 00 40 00 00 00 00 00 00 B2 00 00 00 00 00 00 00 00 00 00 00 00 00 00 00 00 00 00 00 00 00 00 00 00 00 00 00 00 00 00 00 00 00
06 10 9D A3 E1 1C 10 8D A1 41 07 CF A1 12 8D 22 A2 20 1D 8D A2 27 95 4F 42 00 00 00 00 00 00 00 00 00 00 00 00 00 00 00 00 00 00 00 00 00 00 00 00 00 00 00 00 2E D8 04 00 DF 60 20 00 00 00 00 00 8F 2B 08 01 00 13 00 00 00 01 00 01 00 00 00 00 00 00 00 00 00 00 00 0B 00 00 00 00 F3 DC 08 01 80 CD 08 01 00 00 00 00 00 FE FF FE 00 00 00 00 00 00 00 00 00 00 00 50 00 50 00 02 00 32 00 00 00 05 00 00 00 00 00 00 00 01 00 00 00 00 00 00 00 00 00 00 00 00 00 40 00 00 00 00 00 00 B2 00 00 00 00 00 00 00 00 00 00 00 00 00 00 00 00 00 00 00 00 00 00 00 00 00 00 00 00 00 00 00 00 00
07 13 A1 0D 61 15 14 CC A1 3B 8C 0F 41 42 10 A5 E1 0C 10 E2 E2 21 19 4F 02 25 02 CE C2 00 00 00 00 00 00 00 00 00 00 00 00 00 00 00 00 00 00 00 00 00 00 00 00 2E D8 04 00 DF 60 20 00 00 00 00 00 8F 2B 08 01 00 13 00 00 00 01 00 01 00 00 00 00 00 00 00 00 00 00 00 0B 00 00 00 00 F3 DC 08 01 80 CD 08 01 00 00 00 00 00 FE FF FE 00 00 00 00 00 00 00 00 00 00 00 50 00 50 00 02 00 32 00 00 00 05 00 00 00 00 00 00 00 01 00 00 00 00 00 00 00 00 00 00 00 00 00 40 00 00 00 00 00 00 B2 00 00 00 00 00 00 00 00 00 00 00 00 00 00 00 00 00 00 00 00 00 00 00 00 00 00 00 00 00 00 00 00 00
06 12 1E A3 E1 1E 12 0C C1 1E 1E 4D 81 43 88 8F 01 14 0E 22 E2 29 16 4F 22 00 00 00 00 00 00 00 00 00 00 00 00 00 00 00 00 00 00 00 00 00 00 00 00 00 00 00 00 2E D8 04 00 DF 60 20 00 00 00 00 00 8F 2B 08 01 00 13 00 00 00 01 00 01 00 00 00 00 00 00 00 00 00 00 00 0B 00 00 00 00 F3 DC 08 01 80 CD 08 01 00 00 00 00 00 FE FF FE 00 00 00 00 00 00 00 00 00 00 00 50 00 50 00 02 00 32 00 00 00 05 00 00 00 00 00 00 00 01 00 00 00 00 00 00 00 00 00 00 00 00 00 40 00 00 00 00 00 00 B2 00 00 00 00 00 00 00 00 00 00 00 00 00 00 00 00 00 00 00 00 00 00 00 00 00 00 00 00 00 00 00 00 00
06 0F 9E A3 81 1A 9E 8D 81 40 89 4F A1 13 0E 62 82 1E 13 0D 22 27 16 CF 62 00 00 00 00 00 00 00 00 00 00 00 00 00 00 00 00 00 00 00 00 00 00 00 00 00 00 00 00 2E D8 04 00 DF 60 20 00 00 00 00 00 8F 2B 08 01 00 13 00 00 00 01 00 01 00 00 00 00 00 00 00 00 00 00 00 0B 00 00 00 00 F3 DC 08 01 80 CD 08 01 00 00 00 00 00 FE FF FE 00 00 00 00 00 00 00 00 00 00 00 50 00 50 00 02 00 32 00 00 00 05 00 00 00 00 00 00 00 01 00 00 00 00 00 00 00 00 00 00 00 00 00 40 00 00 00 00 00 00 B2 00 00 00 00 00 00 00 00 00 00 00 00 00 00 00 00 00 00 00 00 00 00 00 00 00 00 00 00 00 00 00 00 00
09 06 83 8A A1 0A A1 23 A1 10 92 23 C1 14 A1 0D C1 3B 0C 4F 81 42 90 E6 41 18 95 8D 42 21 19 8E E2 24 83 4E 82 00 00 00 00 00 00 00 00 00 00 00 00 00 00 00 00 2E D8 04 00 DF 60 20 00 00 00 00 00 8F 2B 08 01 00 13 00 00 00 01 00 01 00 00 00 00 00 00 00 00 00 00 00 0B 00 00 00 00 F3 DC 08 01 80 CD 08 01 00 00 00 00 00 FE FF FE 00 00 00 00 00 00 00 00 00 00 00 50 00 50 00 02 00 32 00 00 00 05 00 00 00 00 00 00 00 01 00 00 00 00 00 00 00 00 00 00 00 00 00 40 00 00 00 00 00 00 B2 00 00 00 00 00 00 00 00 00 00 00 00 00 00 00 00 00 00 00 00 00 00 00 00 00 00 00 00 00 00 00 00 00
06 12 9E A3 41 17 0F E4 01 1C 9E CD 81 41 89 CF A1 1F 93 4C E2 28 16 CF C2 00 00 00 00 00 00 00 00 00 00 00 00 00 00 00 00 00 00 00 00 00 00 00 00 00 00 00 00 2E D8 04 00 DF 60 20 00 00 00 00 00 8F 2B 08 01 00 13 00 00 00 01 00 01 00 00 00 00 00 00 00 00 00 00 00 0B 00 00 00 00 F3 DC 08 01 80 CD 08 01 00 00 00 00 00 FE FF FE 00 00 00 00 00 00 00 00 00 00 00 50 00 50 00 02 00 32 00 00 00 05 00 00 00 00 00 00 00 01 00 00 00 00 00 00 00 00 00 00 00 00 00 40 00 00 00 00 00 00 B2 00 00 00 00 00 00 00 00 00 00 00 00 00 00 00 00 00 00 00 00 00 00 00 00 00 00 00 00 00 00 00 00 00
05 17 94 E3 81 28 1D 4F 41 42 0E 8F E1 20 98 4D 22 2C 86 0F 02 00 00 00 00 00 00 00 00 00 00 00 00 00 00 00 00 00 00 00 00 00 00 00 00 00 00 00 00 00 00 00 00 2E D8 04 00 DF 60 20 00 00 00 00 00 8F 2B 08 01 00 13 00 00 00 01 00 01 00 00 00 00 00 00 00 00 00 00 00 0B 00 00 00 00 F3 DC 08 01 80 CD 08 01 00 00 00 00 00 FE FF FE 00 00 00 00 00 00 00 00 00 00 00 50 00 50 00 02 00 32 00 00 00 05 00 00 00 00 00 00 00 01 00 00 00 00 00 00 00 00 00 00 00 00 00 40 00 00 00 00 00 00 B2 00 00 00 00 00 00 00 00 00 00 00 00 00 00 00 00 00 00 00 00 00 00 00 00 00 00 00 00 00 00 00 00 00
09 0B 04 21 41 16 A1 23 E1 1A 92 23 A1 20 A1 0D 81 46 8B 8F 41 11 85 49 62 23 15 8D 22 2C 19 0F 82 2E 83 4E 62 00 00 00 00 00 00 00 00 00 00 00 00 00 00 00 00 2E D8 04 00 DF 60 20 00 00 00 00 00 8F 2B 08 01 00 13 00 00 00 01 00 01 00 00 00 00 00 00 00 00 00 00 00 0B 00 00 00 00 F3 DC 08 01 80 CD 08 01 00 00 00 00 00 FE FF FE 00 00 00 00 00 00 00 00 00 00 00 50 00 50 00 02 00 32 00 00 00 05 00 00 00 00 00 00 00 01 00 00 00 00 00 00 00 00 00 00 00 00 00 40 00 00 00 00 00 00 B2 00 00 00 00 00 00 00 00 00 00 00 00 00 00 00 00 00 00 00 00 00 00 00 00 00 00 00 00 00 00 00 00 00
06 17 21 63 C1 1A 92 63 C1 21 21 4D A1 23 95 8D E2 2C 99 4F 62 2F 03 4E 22 00 00 00 00 00 00 00 00 00 00 00 00 00 00 00 00 00 00 00 00 00 00 00 00 00 00 00 00 2E D8 04 00 DF 60 20 00 00 00 00 00 8F 2B 08 01 00 13 00 00 00 01 00 01 00 00 00 00 00 00 00 00 00 00 00 0B 00 00 00 00 F3 DC 08 01 80 CD 08 01 00 00 00 00 00 FE FF FE 00 00 00 00 00 00 00 00 00 00 00 50 00 50 00 02 00 32 00 00 00 05 00 00 00 00 00 00 00 01 00 00 00 00 00 00 00 00 00 00 00 00 00 40 00 00 00 00 00 00 B2 00 00 00 00 00 00 00 00 00 00 00 00 00 00 00 00 00 00 00 00 00 00 00 00 00 00 00 00 00 00 00 00 00
06 06 98 88 E1 16 9F 63 A1 1B 10 63 C1 21 9F 4D 81 24 13 CD 82 2D 17 4F C2 00 00 00 00 00 00 00 00 00 00 00 00 00 00 00 00 00 00 00 00 00 00 00 00 00 00 00 00 2E D8 04 00 DF 60 20 00 00 00 00 00 8F 2B 08 01 00 13 00 00 00 01 00 01 00 00 00 00 00 00 00 00 00 00 00 0B 00 00 00 00 F3 DC 08 01 80 CD 08 01 00 00 00 00 00 FE FF FE 00 00 00 00 00 00 00 00 00 00 00 50 00 50 00 02 00 32 00 00 00 05 00 00 00 00 00 00 00 01 00 00 00 00 00 00 00 00 00 00 00 00 00 40 00 00 00 00 00 00 B2 00 00 00 00 00 00 00 00 00 00 00 00 00 00 00 00 00 00 00 00 00 00 00 00 00 00 00 00 00 00 00 00 00
07 10 A1 23 41 14 92 23 81 19 A1 0D E1 40 8C 0F 21 1D 15 8D 42 26 99 4E E2 29 03 4E C2 00 00 00 00 00 00 00 00 00 00 00 00 00 00 00 00 00 00 00 00 00 00 00 00 2E D8 04 00 DF 60 20 00 00 00 00 00 8F 2B 08 01 00 13 00 00 00 01 00 01 00 00 00 00 00 00 00 00 00 00 00 0B 00 00 00 00 F3 DC 08 01 80 CD 08 01 00 00 00 00 00 FE FF FE 00 00 00 00 00 00 00 00 00 00 00 50 00 50 00 02 00 32 00 00 00 05 00 00 00 00 00 00 00 01 00 00 00 00 00 00 00 00 00 00 00 00 00 40 00 00 00 00 00 00 B2 00 00 00 00 00 00 00 00 00 00 00 00 00 00 00 00 00 00 00 00 00 00 00 00 00 00 00 00 00 00 00 00 00
06 0C 9F 63 81 11 90 63 61 17 1F 4D C1 3D 89 CF A1 1A 93 CD 82 23 97 4F 02 00 00 00 00 00 00 00 00 00 00 00 00 00 00 00 00 00 00 00 00 00 00 00 00 00 00 00 00 2E D8 04 00 DF 60 20 00 00 00 00 00 8F 2B 08 01 00 13 00 00 00 01 00 01 00 00 00 00 00 00 00 00 00 00 00 0B 00 00 00 00 F3 DC 08 01 80 CD 08 01 00 00 00 00 00 FE FF FE 00 00 00 00 00 00 00 00 00 00 00 50 00 50 00 02 00 32 00 00 00 05 00 00 00 00 00 00 00 01 00 00 00 00 00 00 00 00 00 00 00 00 00 40 00 00 00 00 00 00 B2 00 00 00 00 00 00 00 00 00 00 00 00 00 00 00 00 00 00 00 00 00 00 00 00 00 00 00 00 00 00 00 00 00
05 12 15 23 61 3D 8F 8F 21 1A 98 CC E2 23 9C 4F 62 27 06 8E 82 00 00 00 00 00 00 00 00 00 00 00 00 00 00 00 00 00 00 00 00 00 00 00 00 00 00 00 00 00 00 00 00 2E D8 04 00 DF 60 20 00 00 00 00 00 8F 2B 08 01 00 13 00 00 00 01 00 01 00 00 00 00 00 00 00 00 00 00 00 0B 00 00 00 00 F3 DC 08 01 80 CD 08 01 00 00 00 00 00 FE FF FE 00 00 00 00 00 00 00 00 00 00 00 50 00 50 00 02 00 32 00 00 00 05 00 00 00 00 00 00 00 01 00 00 00 00 00 00 00 00 00 00 00 00 00 40 00 00 00 00 00 00 B2 00 00 00 00 00 00 00 00 00 00 00 00 00 00 00 00 00 00 00 00 00 00 00 00 00 00 00 00 00 00 00 00 00
07 0F A2 A3 81 14 13 A3 21 40 0D 4F 41 0C 86 8A 42 1C 97 4C A2 25 1A CF 62 28 84 CE A2 00 00 00 00 00 00 00 00 00 00 00 00 00 00 00 00 00 00 00 00 00 00 00 00 2E D8 04 00 DF 60 20 00 00 00 00 00 8F 2B 08 01 00 13 00 00 00 01 00 01 00 00 00 00 00 00 00 00 00 00 00 0B 00 00 00 00 F3 DC 08 01 80 CD 08 01 00 00 00 00 00 FE FF FE 00 00 00 00 00 00 00 00 00 00 00 50 00 50 00 02 00 32 00 00 00 05 00 00 00 00 00 00 00 01 00 00 00 00 00 00 00 00 00 00 00 00 00 40 00 00 00 00 00 00 B2 00 00 00 00 00 00 00 00 00 00 00 00 00 00 00 00 00 00 00 00 00 00 00 00 00 00 00 00 00 00 00 00 00
07 0C A2 63 21 11 13 A3 81 3C 8D 8F 61 0A 06 4A 22 1A 17 0D 62 22 9A CF 02 26 84 CE 42 00 00 00 00 00 00 00 00 00 00 00 00 00 00 00 00 00 00 00 00 00 00 00 00 2E D8 04 00 DF 60 20 00 00 00 00 00 8F 2B 08 01 00 13 00 00 00 01 00 01 00 00 00 00 00 00 00 00 00 00 00 0B 00 00 00 00 F3 DC 08 01 80 CD 08 01 00 00 00 00 00 FE FF FE 00 00 00 00 00 00 00 00 00 00 00 50 00 50 00 02 00 32 00 00 00 05 00 00 00 00 00 00 00 01 00 00 00 00 00 00 00 00 00 00 00 00 00 40 00 00 00 00 00 00 B2 00 00 00 00 00 00 00 00 00 00 00 00 00 00 00 00 00 00 00 00 00 00 00 00 00 00 00 00 00 00 00 00 00
06 0D 86 8C 01 16 14 E3 81 42 0E 8F 61 1F 18 4D 62 28 1C 0F 02 2C 05 CE C2 00 00 00 00 00 00 00 00 00 00 00 00 00 00 00 00 00 00 00 00 00 00 00 00 00 00 00 00 2E D8 04 00 DF 60 20 00 00 00 00 00 8F 2B 08 01 00 13 00 00 00 01 00 01 00 00 00 00 00 00 00 00 00 00 00 0B 00 00 00 00 F3 DC 08 01 80 CD 08 01 00 00 00 00 00 FE FF FE 00 00 00 00 00 00 00 00 00 00 00 50 00 50 00 02 00 32 00 00 00 05 00 00 00 00 00 00 00 01 00 00 00 00 00 00 00 00 00 00 00 00 00 40 00 00 00 00 00 00 B2 00 00 00 00 00 00 00 00 00 00 00 00 00 00 00 00 00 00 00 00 00 00 00 00 00 00 00 00 00 00 00 00 00
06 06 97 CA 41 17 1E A3 C1 1A 8F 63 61 22 9E 4D C1 24 92 CD 82 2E 16 4F 82 00 00 00 00 00 00 00 00 00 00 00 00 00 00 00 00 00 00 00 00 00 00 00 00 00 00 00 00 2E D8 04 00 DF 60 20 00 00 00 00 00 8F 2B 08 01 00 13 00 00 00 01 00 01 00 00 00 00 00 00 00 00 00 00 00 0B 00 00 00 00 F3 DC 08 01 80 CD 08 01 00 00 00 00 00 FE FF FE 00 00 00 00 00 00 00 00 00 00 00 50 00 50 00 02 00 32 00 00 00 05 00 00 00 00 00 00 00 01 00 00 00 00 00 00 00 00 00 00 00 00 00 40 00 00 00 00 00 00 B2 00 00 00 00 00 00 00 00 00 00 00 00 00 00 00 00 00 00 00 00 00 00 00 00 00 00 00 00 00 00 00 00 00
06 11 9E A2 C1 17 8F E2 A1 1B 9F 0D 41 44 0B 4F 01 20 13 CC C2 28 97 8E 22 00 00 00 00 00 00 00 00 00 00 00 00 00 00 00 00 00 00 00 00 00 00 00 00 00 00 00 00 2E D8 04 00 DF 60 20 00 00 00 00 00 8F 2B 08 01 00 13 00 00 00 01 00 01 00 00 00 00 00 00 00 00 00 00 00 0B 00 00 00 00 F3 DC 08 01 80 CD 08 01 00 00 00 00 00 FE FF FE 00 00 00 00 00 00 00 00 00 00 00 50 00 50 00 02 00 32 00 00 00 05 00 00 00 00 00 00 00 01 00 00 00 00 00 00 00 00 00 00 00 00 00 40 00 00 00 00 00 00 B2 00 00 00 00 00 00 00 00 00 00 00 00 00 00 00 00 00 00 00 00 00 00 00 00 00 00 00 00 00 00 00 00 00
07 1C 20 23 21 25 90 A2 81 28 20 0D A1 10 97 4B E2 2D 14 CC 62 35 18 CE E2 3B 82 CE 42 00 00 00 00 00 00 00 00 00 00 00 00 00 00 00 00 00 00 00 00 00 00 00 00 2E D8 04 00 DF 60 20 00 00 00 00 00 8F 2B 08 01 00 13 00 00 00 01 00 01 00 00 00 00 00 00 00 00 00 00 00 0B 00 00 00 00 F3 DC 08 01 80 CD 08 01 00 00 00 00 00 FE FF FE 00 00 00 00 00 00 00 00 00 00 00 50 00 50 00 02 00 32 00 00 00 05 00 00 00 00 00 00 00 01 00 00 00 00 00 00 00 00 00 00 00 00 00 40 00 00 00 00 00 00 B2 00 00 00 00 00 00 00 00 00 00 00 00 00 00 00 00 00 00 00 00 00 00 00 00 00 00 00 00 00 00 00 00 00
05 1B 1D 23 21 26 1D 4D 81 21 0D 21 A2 2B 11 CD 02 33 96 0E 22 00 00 00 00 00 00 00 00 00 00 00 00 00 00 00 00 00 00 00 00 00 00 00 00 00 00 00 00 00 00 00 00 2E D8 04 00 DF 60 20 00 00 00 00 00 8F 2B 08 01 00 13 00 00 00 01 00 01 00 00 00 00 00 00 00 00 00 00 00 0B 00 00 00 00 F3 DC 08 01 80 CD 08 01 00 00 00 00 00 FE FF FE 00 00 00 00 00 00 00 00 00 00 00 50 00 50 00 02 00 32 00 00 00 05 00 00 00 00 00 00 00 01 00 00 00 00 00 00 00 00 00 00 00 00 00 40 00 00 00 00 00 00 B2 00 00 00 00 00 00 00 00 00 00 00 00 00 00 00 00 00 00 00 00 00 00 00 00 00 00 00 00 00 00 00 00 00
06 1A 94 63 01 20 97 8C 41 0B 06 E2 82 15 07 0A 22 2C 9C 0E E2 31 86 0E 62 00 00 00 00 00 00 00 00 00 00 00 00 00 00 00 00 00 00 00 00 00 00 00 00 00 00 00 00 2E D8 04 00 DF 60 20 00 00 00 00 00 8F 2B 08 01 00 13 00 00 00 01 00 01 00 00 00 00 00 00 00 00 00 00 00 0B 00 00 00 00 F3 DC 08 01 80 CD 08 01 00 00 00 00 00 FE FF FE 00 00 00 00 00 00 00 00 00 00 00 50 00 50 00 02 00 32 00 00 00 05 00 00 00 00 00 00 00 01 00 00 00 00 00 00 00 00 00 00 00 00 00 40 00 00 00 00 00 00 B2 00 00 00 00 00 00 00 00 00 00 00 00 00 00 00 00 00 00 00 00 00 00 00 00 00 00 00 00 00 00 00 00 00
07 10 14 63 81 3B 8F 4F 61 44 13 E6 41 0B 06 CA 42 18 98 0C C2 21 1B CE 82 26 86 0E 82 00 00 00 00 00 00 00 00 00 00 00 00 00 00 00 00 00 00 00 00 00 00 00 00 2E D8 04 00 DF 60 20 00 00 00 00 00 8F 2B 08 01 00 13 00 00 00 01 00 01 00 00 00 00 00 00 00 00 00 00 00 0B 00 00 00 00 F3 DC 08 01 80 CD 08 01 00 00 00 00 00 FE FF FE 00 00 00 00 00 00 00 00 00 00 00 50 00 50 00 02 00 32 00 00 00 05 00 00 00 00 00 00 00 01 00 00 00 00 00 00 00 00 00 00 00 00 00 40 00 00 00 00 00 00 B2 00 00 00 00 00 00 00 00 00 00 00 00 00 00 00 00 00 00 00 00 00 00 00 00 00 00 00 00 00 00 00 00 00
04 18 95 23 61 21 18 CC 62 29 9C 8E C2 2E 06 8F 02 00 00 00 00 00 00 00 00 00 00 00 00 00 00 00 00 00 00 00 00 00 00 00 00 00 00 00 00 00 00 00 00 00 00 00 00 2E D8 04 00 DF 60 20 00 00 00 00 00 8F 2B 08 01 00 13 00 00 00 01 00 01 00 00 00 00 00 00 00 00 00 00 00 0B 00 00 00 00 F3 DC 08 01 80 CD 08 01 00 00 00 00 00 FE FF FE 00 00 00 00 00 00 00 00 00 00 00 50 00 50 00 02 00 32 00 00 00 05 00 00 00 00 00 00 00 01 00 00 00 00 00 00 00 00 00 00 00 00 00 40 00 00 00 00 00 00 B2 00 00 00 00 00 00 00 00 00 00 00 00 00 00 00 00 00 00 00 00 00 00 00 00 00 00 00 00 00 00 00 00 00
06 0D 15 E3 01 38 10 8F 41 40 94 E5 E1 43 09 E5 E1 14 99 CC 62 1E 1D 8F 02 00 00 00 00 00 00 00 00 00 00 00 00 00 00 00 00 00 00 00 00 00 00 00 00 00 00 00 00 2E D8 04 00 DF 60 20 00 00 00 00 00 8F 2B 08 01 00 13 00 00 00 01 00 01 00 00 00 00 00 00 00 00 00 00 00 0B 00 00 00 00 F3 DC 08 01 80 CD 08 01 00 00 00 00 00 FE FF FE 00 00 00 00 00 00 00 00 00 00 00 50 00 50 00 02 00 32 00 00 00 05 00 00 00 00 00 00 00 01 00 00 00 00 00 00 00 00 00 00 00 00 00 40 00 00 00 00 00 00 B2 00 00 00 00 00 00 00 00 00 00 00 00 00 00 00 00 00 00 00 00 00 00 00 00 00 00 00 00 00 00 00 00 00
05 1D 99 A3 21 26 9D 4C E2 2F 21 0F 02 34 0A 8F 42 38 04 26 82 00 00 00 00 00 00 00 00 00 00 00 00 00 00 00 00 00 00 00 00 00 00 00 00 00 00 00 00 00 00 00 00 2E D8 04 00 DF 60 20 00 00 00 00 00 8F 2B 08 01 00 13 00 00 00 01 00 01 00 00 00 00 00 00 00 00 00 00 00 0B 00 00 00 00 F3 DC 08 01 80 CD 08 01 00 00 00 00 00 FE FF FE 00 00 00 00 00 00 00 00 00 00 00 50 00 50 00 02 00 32 00 00 00 05 00 00 00 00 00 00 00 01 00 00 00 00 00 00 00 00 00 00 00 00 00 40 00 00 00 00 00 00 B2 00 00 00 00 00 00 00 00 00 00 00 00 00 00 00 00 00 00 00 00 00 00 00 00 00 00 00 00 00 00 00 00 00
06 07 98 4B 41 18 9E E3 C1 1D 0F A4 01 24 1E 8D C1 2E 97 8F 41 26 13 0D 02 00 00 00 00 00 00 00 00 00 00 00 00 00 00 00 00 00 00 00 00 00 00 00 00 00 00 00 00 2E D8 04 00 DF 60 20 00 00 00 00 00 8F 2B 08 01 00 13 00 00 00 01 00 01 00 00 00 00 00 00 00 00 00 00 00 0B 00 00 00 00 F3 DC 08 01 80 CD 08 01 00 00 00 00 00 FE FF FE 00 00 00 00 00 00 00 00 00 00 00 50 00 50 00 02 00 32 00 00 00 05 00 00 00 00 00 00 00 01 00 00 00 00 00 00 00 00 00 00 00 00 00 40 00 00 00 00 00 00 B2 00 00 00 00 00 00 00 00 00 00 00 00 00 00 00 00 00 00 00 00 00 00 00 00 00 00 00 00 00 00 00 00 00
06 09 19 8B 01 19 9F E3 E1 1B 90 A3 61 24 9F 8D C1 26 13 CD E2 2F 17 4F 42 00 00 00 00 00 00 00 00 00 00 00 00 00 00 00 00 00 00 00 00 00 00 00 00 00 00 00 00 2E D8 04 00 DF 60 20 00 00 00 00 00 8F 2B 08 01 00 13 00 00 00 01 00 01 00 00 00 00 00 00 00 00 00 00 00 0B 00 00 00 00 F3 DC 08 01 80 CD 08 01 00 00 00 00 00 FE FF FE 00 00 00 00 00 00 00 00 00 00 00 50 00 50 00 02 00 32 00 00 00 05 00 00 00 00 00 00 00 01 00 00 00 00 00 00 00 00 00 00 00 00 00 40 00 00 00 00 00 00 B2 00 00 00 00 00 00 00 00 00 00 00 00 00 00 00 00 00 00 00 00 00 00 00 00 00 00 00 00 00 00 00 00 00
06 0D 12 63 01 14 95 4C E1 39 0B 8F A1 41 8F A6 01 20 99 4F 42 21 03 4F 02 00 00 00 00 00 00 00 00 00 00 00 00 00 00 00 00 00 00 00 00 00 00 00 00 00 00 00 00 2E D8 04 00 DF 60 20 00 00 00 00 00 8F 2B 08 01 00 13 00 00 00 01 00 01 00 00 00 00 00 00 00 00 00 00 00 0B 00 00 00 00 F3 DC 08 01 80 CD 08 01 00 00 00 00 00 FE FF FE 00 00 00 00 00 00 00 00 00 00 00 50 00 50 00 02 00 32 00 00 00 05 00 00 00 00 00 00 00 01 00 00 00 00 00 00 00 00 00 00 00 00 00 40 00 00 00 00 00 00 B2 00 00 00 00 00 00 00 00 00 00 00 00 00 00 00 00 00 00 00 00 00 00 00 00 00 00 00 00 00 00 00 00 00
06 0A 99 8B 41 19 A0 63 C1 24 A0 0D E1 1B 90 22 C2 27 14 8D 02 30 17 CF 62 00 00 00 00 00 00 00 00 00 00 00 00 00 00 00 00 00 00 00 00 00 00 00 00 00 00 00 00 2E D8 04 00 DF 60 20 00 00 00 00 00 8F 2B 08 01 00 13 00 00 00 01 00 01 00 00 00 00 00 00 00 00 00 00 00 0B 00 00 00 00 F3 DC 08 01 80 CD 08 01 00 00 00 00 00 FE FF FE 00 00 00 00 00 00 00 00 00 00 00 50 00 50 00 02 00 32 00 00 00 05 00 00 00 00 00 00 00 01 00 00 00 00 00 00 00 00 00 00 00 00 00 40 00 00 00 00 00 00 B2 00 00 00 00 00 00 00 00 00 00 00 00 00 00 00 00 00 00 00 00 00 00 00 00 00 00 00 00 00 00 00 00 00
06 0D 99 4B 41 1D 1F E3 E1 27 93 4D 61 28 1F 8D C1 1E 0F E3 62 33 97 4F 22 00 00 00 00 00 00 00 00 00 00 00 00 00 00 00 00 00 00 00 00 00 00 00 00 00 00 00 00 2E D8 04 00 DF 60 20 00 00 00 00 00 8F 2B 08 01 00 13 00 00 00 01 00 01 00 00 00 00 00 00 00 00 00 00 00 0B 00 00 00 00 F3 DC 08 01 80 CD 08 01 00 00 00 00 00 FE FF FE 00 00 00 00 00 00 00 00 00 00 00 50 00 50 00 02 00 32 00 00 00 05 00 00 00 00 00 00 00 01 00 00 00 00 00 00 00 00 00 00 00 00 00 40 00 00 00 00 00 00 B2 00 00 00 00 00 00 00 00 00 00 00 00 00 00 00 00 00 00 00 00 00 00 00 00 00 00 00 00 00 00 00 00 00
09 15 83 61 61 1C 20 A3 21 24 11 63 41 27 A0 8D E1 0F 97 CC A2 1E 84 0A 42 2B 95 4C 62 34 99 0E 82 3A 83 4E 42 00 00 00 00 00 00 00 00 00 00 00 00 00 00 00 00 2E D8 04 00 DF 60 20 00 00 00 00 00 8F 2B 08 01 00 13 00 00 00 01 00 01 00 00 00 00 00 00 00 00 00 00 00 0B 00 00 00 00 F3 DC 08 01 80 CD 08 01 00 00 00 00 00 FE FF FE 00 00 00 00 00 00 00 00 00 00 00 50 00 50 00 02 00 32 00 00 00 05 00 00 00 00 00 00 00 01 00 00 00 00 00 00 00 00 00 00 00 00 00 40 00 00 00 00 00 00 B2 00 00 00 00 00 00 00 00 00 00 00 00 00 00 00 00 00 00 00 00 00 00 00 00 00 00 00 00 00 00 00 00 00
07 1F 05 0B 81 1F A2 62 A1 25 93 E2 E1 2B 17 0C 41 15 86 22 42 36 1B 8E C2 3C 05 CE 22 00 00 00 00 00 00 00 00 00 00 00 00 00 00 00 00 00 00 00 00 00 00 00 00 2E D8 04 00 DF 60 20 00 00 00 00 00 8F 2B 08 01 00 13 00 00 00 01 00 01 00 00 00 00 00 00 00 00 00 00 00 0B 00 00 00 00 F3 DC 08 01 80 CD 08 01 00 00 00 00 00 FE FF FE 00 00 00 00 00 00 00 00 00 00 00 50 00 50 00 02 00 32 00 00 00 05 00 00 00 00 00 00 00 01 00 00 00 00 00 00 00 00 00 00 00 00 00 40 00 00 00 00 00 00 B2 00 00 00 00 00 00 00 00 00 00 00 00 00 00 00 00 00 00 00 00 00 00 00 00 00 00 00 00 00 00 00 00 00
08 15 A0 63 01 16 82 CB 61 20 A0 8D A1 0D 03 A2 42 1A 90 A2 A2 25 15 4C 22 2D 99 0E A2 34 03 4E 02 00 00 00 00 00 00 00 00 00 00 00 00 00 00 00 00 00 00 00 00 2E D8 04 00 DF 60 20 00 00 00 00 00 8F 2B 08 01 00 13 00 00 00 01 00 01 00 00 00 00 00 00 00 00 00 00 00 0B 00 00 00 00 F3 DC 08 01 80 CD 08 01 00 00 00 00 00 FE FF FE 00 00 00 00 00 00 00 00 00 00 00 50 00 50 00 02 00 32 00 00 00 05 00 00 00 00 00 00 00 01 00 00 00 00 00 00 00 00 00 00 00 00 00 40 00 00 00 00 00 00 B2 00 00 00 00 00 00 00 00 00 00 00 00 00 00 00 00 00 00 00 00 00 00 00 00 00 00 00 00 00 00 00 00 00
07 0D 1B CD 01 0E 0F CC 41 36 88 0E 41 3C 0C E5 41 06 8B 61 42 1A 94 4E 42 3C 97 65 22 00 00 00 00 00 00 00 00 00 00 00 00 00 00 00 00 00 00 00 00 00 00 00 00 2E D8 04 00 DF 60 20 00 00 00 00 00 8F 2B 08 01 00 13 00 00 00 01 00 01 00 00 00 00 00 00 00 00 00 00 00 0B 00 00 00 00 F3 DC 08 01 80 CD 08 01 00 00 00 00 00 FE FF FE 00 00 00 00 00 00 00 00 00 00 00 50 00 50 00 02 00 32 00 00 00 05 00 00 00 00 00 00 00 01 00 00 00 00 00 00 00 00 00 00 00 00 00 40 00 00 00 00 00 00 B2 00 00 00 00 00 00 00 00 00 00 00 00 00 00 00 00 00 00 00 00 00 00 00 00 00 00 00 00 00 00 00 00 00
05 16 20 A3 41 21 20 CD 41 23 94 4C 41 1A 90 A3 02 2F 19 0E 82 00 00 00 00 00 00 00 00 00 00 00 00 00 00 00 00 00 00 00 00 00 00 00 00 00 00 00 00 00 00 00 00 2E D8 04 00 DF 60 20 00 00 00 00 00 8F 2B 08 01 00 13 00 00 00 01 00 01 00 00 00 00 00 00 00 00 00 00 00 0B 00 00 00 00 F3 DC 08 01 80 CD 08 01 00 00 00 00 00 FE FF FE 00 00 00 00 00 00 00 00 00 00 00 50 00 50 00 02 00 32 00 00 00 05 00 00 00 00 00 00 00 01 00 00 00 00 00 00 00 00 00 00 00 00 00 40 00 00 00 00 00 00 B2 00 00 00 00 00 00 00 00 00 00 00 00 00 00 00 00 00 00 00 00 00 00 00 00 00 00 00 00 00 00 00 00 00
04 27 99 8C 21 1F 95 21 22 31 9E 4E 42 3A 08 8D 82 00 00 00 00 00 00 00 00 00 00 00 00 00 00 00 00 00 00 00 00 00 00 00 00 00 00 00 00 00 00 00 00 00 00 00 00 2E D8 04 00 DF 60 20 00 00 00 00 00 8F 2B 08 01 00 13 00 00 00 01 00 01 00 00 00 00 00 00 00 00 00 00 00 0B 00 00 00 00 F3 DC 08 01 80 CD 08 01 00 00 00 00 00 FE FF FE 00 00 00 00 00 00 00 00 00 00 00 50 00 50 00 02 00 32 00 00 00 05 00 00 00 00 00 00 00 01 00 00 00 00 00 00 00 00 00 00 00 00 00 40 00 00 00 00 00 00 B2 00 00 00 00 00 00 00 00 00 00 00 00 00 00 00 00 00 00 00 00 00 00 00 00 00 00 00 00 00 00 00 00 00
